sample	sampling_date	study	rhizome_length	rhizome_height	rhizome_width	rhizome_volume	stems	stem_length	inflorescence_length	flower_lenghth	bulbil_length	leaves	leaf_length	stipe_length	fresh_root_weight	root_length	pH	organic_matter_percentage	soil_nitrogen	soil_carbon	CN_ratio	moisture	conductivity	sequencing_type	Area	Locality	Description	Coordinates_N_UTM	Coordinates_E_UTM	UTM	Warming	Vegetation	Block	Fence	alldetectedASVs	noofseq	ASVs_rarefied	ratioFlToBul	ratioInflToStem	Pathotrophs	Pathotroph_saprotroph	Pathotroph_saprotroph_symbiotroph	pathotroph_symbiotroph	saprotroph	saprotroph_symbiotroph	symbiotroph	ratio_symbio_sapro	ratio_symbio_sapro_reads	tempC_meanyear	prec_sumyear	composition_abu	composition_pa	Shannon_H	Pielou_J	mean_July_temp_yearpriortosampling	mean_July_temp_yearofsampling
1.1.10	27/07/2012	isdammen	9.55	3.55	5.33	180.7	1	42.82	17.81	1.42	15.37	4	17.98	9.29	0.103	47.77	6.24	10.25	0.311	4.91	15.794	NA	NA	illumina	Adventdalen	Isdammen	natural tundra (Dryas heathland)	8672654.9	509698.9	33	NA	NA	NA	NA	173	115930	143	0.092387768	0.415927137	1	16	4	0	19	17	46	2.421052632	0.8	-4.4833333	851	0.015817447	-0.043909859	3.327729823	0.668657396	4.15	4.15
1.1.11	02/09/2012	isdammen	14.77	5.64	4.22	351.5	1	46.09	11.24	1.97	10.23	6	16.63	20.09	0.1252	58.37	6.32	17.37	0.458	9.351	20.401	NA	NA	illumina	Adventdalen	Isdammen	natural tundra (Dryas heathland)	8672654.9	509698.9	33	NA	NA	NA	NA	243	194901	186	0.19257087	0.243870688	0	17	1	0	32	10	76	2.375	0.181818182	-4.4833333	851	-0.041093392	-0.06266917	3.626287718	0.68973674	4.15	4.15
1.1.12	02/09/2012	isdammen	13.52	4.05	3.18	174.1	1	28.1	10.51	0	10.51	5	11.36	9.61	0.1919	73.23	6.57	12.14	0.353	6.96	19.706	NA	NA	illumina	Adventdalen	Isdammen	natural tundra (Dryas heathland)	8672654.9	509698.9	33	NA	NA	NA	NA	213	135349	184	0	0.374021352	1	13	4	0	14	11	74	5.285714286	0.111111111	-4.4833333	851	-0.020124172	-0.062119733	3.894152457	0.752326084	4.15	4.15
1.1.13	02/09/2012	isdammen	20.73	4.61	3.96	378.4	1	33.62	7.39	0	7.39	5	12.47	13.01	0.0943	49.56	6.66	16.5	0.455	8.853	19.435	NA	NA	illumina	Adventdalen	Isdammen	natural tundra (Dryas heathland)	8672654.9	509698.9	33	NA	NA	NA	NA	174	87059	151	0	0.219809637	3	10	5	1	28	6	42	1.5	0.063829787	-4.4833333	851	-0.049862298	-0.082025878	3.780790022	0.752563682	4.15	4.15
1.1.14	02/09/2012	isdammen	10.04	3.96	3.05	121.3	1	27.78	8.18	1.87	6.42	6	15.95	10.44	0.1321	58.49	6.42	16.61	0.442	7.692	17.398	NA	NA	illumina	Adventdalen	Isdammen	natural tundra (Dryas heathland)	8672654.9	509698.9	33	NA	NA	NA	NA	90	40666	81	0.291277259	0.294456443	0	2	1	0	13	8	33	2.538461538	9.571428571	-4.4833333	851	-0.078153555	-0.140051524	2.512294102	0.568541463	4.15	4.15
1.1.15	02/09/2012	isdammen	16.01	4.14	3.37	223.4	1	33.18	9.77	0	9.77	6	13.9	13.18	0.0987	45.74	6.44	15.11	0.373	6.236	16.696	NA	NA	illumina	Adventdalen	Isdammen	natural tundra (Dryas heathland)	8672654.9	509698.9	33	NA	NA	NA	NA	204	59919	188	0	0.294454491	0	31	4	0	19	13	52	2.736842105	0.395833333	-4.4833333	851	-0.03731463	-0.09621781	3.876352701	0.739515411	4.15	4.15
1.1.21	13/06/2013	isdammen	12.73	6.43	4.15	339.7	1	32.75	0	0	0	NA	NA	NA	0.1218	52.72	6.05	9.52	0.321	4.572	14.229	NA	NA	illumina	Adventdalen	Isdammen	natural tundra (Dryas heathland)	8672654.9	509698.9	33	NA	NA	NA	NA	131	52178	121	NA	0	0	13	0	0	16	14	55	3.4375	1.710843373	-3.275	792	0.307955044	0.11900263	2.964955118	0.619312842	4.15	5.15
1.1.22	13/06/2013	isdammen	15.53	5.58	4.55	394.3	1	28.03	0	0	0	NA	NA	NA	0.1725	53.01	6.18	15.66	0.329	5.007	15.216	NA	NA	illumina	Adventdalen	Isdammen	natural tundra (Dryas heathland)	8672654.9	509698.9	33	NA	NA	NA	NA	95	36099	93	NA	0	1	12	1	0	24	9	30	1.25	4.947368421	-3.275	792	0.252544094	-0.031419104	2.346730152	0.517744874	4.15	5.15
1.1.23	13/06/2013	isdammen	10.95	5.55	3.61	219.4	0	NA	NA	NA	NA	NA	NA	NA	0.1916	75.03	6.26	11.9	0.308	4.499	14.603	NA	NA	illumina	Adventdalen	Isdammen	natural tundra (Dryas heathland)	8672654.9	509698.9	33	NA	NA	NA	NA	117	54960	101	NA	NA	0	14	5	0	20	10	32	1.6	0.933333333	-3.275	792	0.251827659	0.024318883	2.96244486	0.63654278	4.15	5.15
1.1.24	13/06/2013	isdammen	10.84	4.41	3.41	163	0	NA	NA	NA	NA	NA	NA	NA	0.1661	55.34	6.36	10.14	0.323	4.877	15.078	NA	NA	illumina	Adventdalen	Isdammen	natural tundra (Dryas heathland)	8672654.9	509698.9	33	NA	NA	NA	NA	132	33325	127	NA	NA	0	9	0	0	13	5	60	4.615384615	12.46153846	-3.275	792	0.034798987	-0.157169022	3.556576741	0.736608459	4.15	5.15
1.1.25	13/06/2013	isdammen	19.38	5.31	4.39	451.8	0	NA	NA	NA	NA	NA	NA	NA	0.1411	72.1	6.28	11.69	0.315	4.53	14.364	NA	NA	illumina	Adventdalen	Isdammen	natural tundra (Dryas heathland)	8672654.9	509698.9	33	NA	NA	NA	NA	144	95232	127	NA	NA	2	18	2	0	24	9	51	2.125	10	-3.275	792	0.216014462	-0.034716189	2.909834093	0.598754407	4.15	5.15
1.1.26	27/07/2013	isdammen	9.58	5.42	3.77	195.8	1	18.57	8.65	0	8.65	4	11.6	8.69	0.0764	34.79	6.23	14	0.519	7.993	15.412	NA	NA	illumina	Adventdalen	Isdammen	natural tundra (Dryas heathland)	8672654.9	509698.9	33	NA	NA	NA	NA	163	68415	147	0	0.465805062	2	7	0	0	20	6	53	2.65	0.301886792	-3.275	792	0.028691112	-0.125386874	3.657950546	0.735010297	4.15	5.15
1.1.27	27/07/2013	isdammen	13.76	5.88	4.27	345.5	2	33.92	11.4	0	11.4	4	13.46	16.44	0.286	68.16	6.39	11.51	0.377	5.923	15.723	NA	NA	illumina	Adventdalen	Isdammen	natural tundra (Dryas heathland)	8672654.9	509698.9	33	NA	NA	NA	NA	150	31241	144	0	0.336084906	2	15	3	0	33	12	50	1.515151515	1.415929204	-3.275	792	0.143187773	-0.073315936	3.308837553	0.661245615	4.15	5.15
1.1.28	27/07/2013	isdammen	15.55	4.41	3.13	214.6	1	29.24	10.72	0	10.72	4	9.67	14.31	0.1696	81.45	6.27	13.79	0.417	6.326	15.188	NA	NA	illumina	Adventdalen	Isdammen	natural tundra (Dryas heathland)	8672654.9	509698.9	33	NA	NA	NA	NA	170	35723	166	0	0.366621067	0	14	6	0	24	14	66	2.75	0.802197802	-3.275	792	0.067250027	0.008884808	3.55186044	0.696461464	4.15	5.15
1.1.29	27/07/2013	isdammen	10.7	3.4	3.41	124.1	1	22.71	8.53	0	8.53	3	11.72	10.39	0.1101	43.11	6.33	10.18	0.327	4.981	15.214	NA	NA	illumina	Adventdalen	Isdammen	natural tundra (Dryas heathland)	8672654.9	509698.9	33	NA	NA	NA	NA	157	21915	157	0	0.37560546	1	19	4	0	23	15	56	2.434782609	0.8	-3.275	792	0.205795816	0.088542203	3.650776891	0.722033111	4.15	5.15
1.1.30	27/07/2013	isdammen	10.58	4.08	3.48	150.2	1	15.95	8.42	0	8.42	4	12.23	5.58	0.1164	56.7	6.31	11.1	0.319	4.415	13.854	NA	NA	illumina	Adventdalen	Isdammen	natural tundra (Dryas heathland)	8672654.9	509698.9	33	NA	NA	NA	NA	134	46316	128	0	0.527899687	0	13	0	0	11	7	65	5.909090909	15.33333333	-3.275	792	0.045572424	-0.104637018	3.733789953	0.775903348	4.15	5.15
1.1.31	09/09/2013	isdammen	12.75	5.03	3.19	204.6	1	37.26	15.75	0	15.75	6	10.84	12.77	0.187	107.05	6.47	11.03	0.287	4.29	14.959	NA	NA	illumina	Adventdalen	Isdammen	natural tundra (Dryas heathland)	8672654.9	509698.9	33	NA	NA	NA	NA	137	26740	137	0	0.422705314	0	14	0	0	38	6	57	1.5	0.734463277	-3.275	792	0.054014136	-0.157923287	3.582603912	0.72817435	4.15	5.15
1.1.32	09/09/2013	isdammen	8.61	6.3	3.31	179.5	1	20.76	10.66	0	10.66	5	6.1	7.6	0.148	62.06	6.44	9.04	0.312	5.03	16.147	NA	NA	illumina	Adventdalen	Isdammen	natural tundra (Dryas heathland)	8672654.9	509698.9	33	NA	NA	NA	NA	150	53023	141	0	0.513487476	0	12	2	0	18	5	64	3.555555556	1.811764706	-3.275	792	0.141286864	-0.015980783	3.723055139	0.750185713	4.15	5.15
1.1.33	09/09/2013	isdammen	8.66	2.55	2.76	60.9	1	25.92	9.32	0	9.32	5	3.34	6.5	0.1492	89.06	6.46	9.26	0.323	5.129	15.878	NA	NA	illumina	Adventdalen	Isdammen	natural tundra (Dryas heathland)	8672654.9	509698.9	33	NA	NA	NA	NA	101	49761	93	0	0.359567901	0	8	2	0	12	7	52	4.333333333	1.069620253	-3.275	792	0.225636755	0.024656511	3.39473192	0.752568754	4.15	5.15
1.1.34	09/09/2013	isdammen	12.17	5.1	3.87	240.2	1	37.22	9.69	0	9.69	7	15.72	11.27	0.1716	72.58	6.42	10.65	0.301	4.845	16.104	NA	NA	illumina	Adventdalen	Isdammen	natural tundra (Dryas heathland)	8672654.9	509698.9	33	NA	NA	NA	NA	143	35702	135	0	0.260343901	0	11	3	0	20	7	66	3.3	2.339622642	-3.275	792	0.047075281	-0.015501195	3.425022445	0.694100828	4.15	5.15
1.1.35	09/09/2013	isdammen	10.71	9.09	4.39	427.4	1	32.25	9.24	0	9.24	6	15.55	16.59	0.1451	47.89	6.49	9.17	0.277	4.444	16.047	NA	NA	illumina	Adventdalen	Isdammen	natural tundra (Dryas heathland)	8672654.9	509698.9	33	NA	NA	NA	NA	166	46944	157	0	0.286511628	2	16	4	0	38	12	29	0.763157895	0.319327731	-3.275	792	0.176968068	0.005454583	3.245053916	0.641791171	4.15	5.15
1.1.6	27/07/2012	isdammen	9.41	5.09	9.09	435.4	1	23.36	12.16	3.66	8.88	4	15.52	7.25	0.1186	57.98	6.3	10.3	0.39	5.896	15.125	NA	NA	illumina	Adventdalen	Isdammen	natural tundra (Dryas heathland)	8672654.9	509698.9	33	NA	NA	NA	NA	325	389012	240	0.412162162	0.520547945	0	14	2	0	43	16	91	2.11627907	2.128205128	-4.4833333	851	0.093996862	-0.126686214	3.418864019	0.630211155	4.15	4.15
1.1.7	27/07/2012	isdammen	6.96	3.48	5.64	136.6	1	37.66	14.3	2.28	13.87	4	12.48	12.63	0.0506	60	6.11	10.66	0.354	5.081	14.338	NA	NA	illumina	Adventdalen	Isdammen	natural tundra (Dryas heathland)	8672654.9	509698.9	33	NA	NA	NA	NA	165	135951	139	0.164383562	0.379713224	0	6	4	0	12	12	59	4.916666667	10.58333333	-4.4833333	851	0.006133677	0.04927955	2.653686041	0.537004869	4.15	4.15
1.1.8	27/07/2012	isdammen	18.54	4.07	6.88	519.1	1	38.48	11.05	2.16	9.56	5	11.66	14.36	0.085	50.68	6.3	9.65	0.585	6.54	11.176	NA	NA	illumina	Adventdalen	Isdammen	natural tundra (Dryas heathland)	8672654.9	509698.9	33	NA	NA	NA	NA	327	605628	234	0.225941423	0.287162162	2	22	6	0	36	8	101	2.805555556	0.588888889	-4.4833333	851	0.118610562	-0.058876151	3.823386631	0.699762871	4.15	4.15
1.1.9	27/07/2012	isdammen	17.19	4.04	5.84	405.6	1	26.28	10.58	0.8	7.13	4	12.31	18.31	0.0677	46.88	6.45	12.34	0.305	4.757	15.603	NA	NA	illumina	Adventdalen	Isdammen	natural tundra (Dryas heathland)	8672654.9	509698.9	33	NA	NA	NA	NA	202	139763	178	0.112201964	0.402587519	0	12	0	0	29	13	56	1.931034483	1.260869565	-4.4833333	851	-0.016730173	-0.159007606	3.425204295	0.667694332	4.15	4.15
1.2.10	27/07/2012	isdammen	9.26	3.52	2.88	93.9	1	43.42	12.25	0	12.25	3	8.46	11.08	0.0426	28.82	6.02	17	0.467	7.506	16.062	NA	NA	illumina	Adventdalen	Isdammen	natural tundra (Dryas heathland)	8672652.7	509697.3	33	NA	NA	NA	NA	205	109188	180	0	0.282128052	2	6	4	0	21	11	84	4	0.903225806	-4.4833333	851	-0.057825323	-0.015067538	4.023526252	0.772346088	4.15	4.15
1.2.11	02/09/2012	isdammen	11.22	4.97	2.75	153.3	1	33.96	11.78	1.95	9.62	4	12.22	9.21	0.1343	56.33	6.3	9.77	0.326	4.949	15.198	NA	NA	illumina	Adventdalen	Isdammen	natural tundra (Dryas heathland)	8672652.7	509697.3	33	NA	NA	NA	NA	200	84265	178	0.202702703	0.346878681	1	18	2	0	22	12	87	3.954545455	0.406896552	-4.4833333	851	0.077683756	-0.014582447	4.06846834	0.79127471	4.15	4.15
1.2.12	02/09/2012	isdammen	11.91	4.43	3.28	173.1	1	21.12	9.98	1.11	8.24	4	10.89	8.07	0.2041	77.22	6.27	10.49	0.388	8.586	22.132	NA	NA	illumina	Adventdalen	Isdammen	natural tundra (Dryas heathland)	8672652.7	509697.3	33	NA	NA	NA	NA	192	53263	182	0.134708738	0.472537879	0	17	0	0	27	14	84	3.111111111	1.04	-4.4833333	851	0.008936202	-0.054305951	4.016817244	0.771058244	4.15	4.15
1.2.13	02/09/2012	isdammen	9.52	3.77	2.34	84	1	29.57	10.27	0	10.27	4	11.8	12.87	0.1047	42.18	6.03	14.36	0.378	6.254	16.563	NA	NA	illumina	Adventdalen	Isdammen	natural tundra (Dryas heathland)	8672652.7	509697.3	33	NA	NA	NA	NA	250	120344	215	0	0.347311464	4	20	6	0	36	13	77	2.138888889	0.404255319	-4.4833333	851	0.03810974	-0.030552127	4.080363268	0.757798683	4.15	4.15
1.2.14	02/09/2012	isdammen	13.47	5.02	3.09	208.9	1	44.37	12.9	1.9	10.61	7	16.92	11.07	0.1059	40.58	6.14	10.68	0.33	5.321	16.14	NA	NA	illumina	Adventdalen	Isdammen	natural tundra (Dryas heathland)	8672652.7	509697.3	33	NA	NA	NA	NA	187	32777	183	0.179076343	0.290736984	3	15	8	0	24	6	80	3.333333333	0.164179104	-4.4833333	851	-0.047350749	-0.04178645	3.655373229	0.703159626	4.15	4.15
1.2.15	02/09/2012	isdammen	13.5	4.34	3.95	231.4	1	48.92	12.53	0	12.53	5	17.8	14.09	0.0864	48.56	6.18	14.27	0.341	4.872	14.3	NA	NA	illumina	Adventdalen	Isdammen	natural tundra (Dryas heathland)	8672652.7	509697.3	33	NA	NA	NA	NA	212	81922	194	0	0.256132461	6	28	5	0	21	11	56	2.666666667	0.127388535	-4.4833333	851	-0.006514191	-0.0095167	3.769322825	0.721298421	4.15	4.15
1.2.21	13/06/2013	isdammen	11.83	3.99	3.86	182.2	1	38.68	0	0	0	NA	NA	NA	0.1059	56.36	6.33	8.85	0.258	3.37	13.079	NA	NA	illumina	Adventdalen	Isdammen	natural tundra (Dryas heathland)	8672652.7	509697.3	33	NA	NA	NA	NA	154	61521	146	NA	0	0	15	2	0	34	13	52	1.529411765	0.241025641	-3.275	792	0.160090708	0.02510845	3.275742191	0.658211261	4.15	5.15
1.2.22	13/06/2013	isdammen	9.62	5.58	4	214.7	0	NA	NA	NA	NA	NA	NA	NA	0.1136	48.6	6.02	8.27	0.28	3.691	13.198	NA	NA	illumina	Adventdalen	Isdammen	natural tundra (Dryas heathland)	8672652.7	509697.3	33	NA	NA	NA	NA	122	46263	113	NA	NA	1	10	6	0	22	7	30	1.363636364	0.944444444	-3.275	792	0.157640936	0.097963833	2.854767976	0.60501614	4.15	5.15
1.2.23	13/06/2013	isdammen	8.27	6.23	3.97	204.5	0	NA	NA	NA	NA	NA	NA	NA	0.0886	43.02	5.82	8.56	0.287	3.939	13.735	NA	NA	illumina	Adventdalen	Isdammen	natural tundra (Dryas heathland)	8672652.7	509697.3	33	NA	NA	NA	NA	150	32670	143	NA	NA	2	7	6	0	23	11	54	2.347826087	1.034146341	-3.275	792	0.201178421	0.104794558	3.52181325	0.706679623	4.15	5.15
1.2.24	13/06/2013	isdammen	15.85	4.7	3.46	257.8	1	17.08	0	0	0	NA	NA	NA	0.1427	60.4	6.02	8.13	0.206	3.536	17.145	NA	NA	illumina	Adventdalen	Isdammen	natural tundra (Dryas heathland)	8672652.7	509697.3	33	NA	NA	NA	NA	166	75534	153	NA	0	0	9	5	0	24	16	64	2.666666667	0.496932515	-3.275	792	0.13843236	-0.026577538	4.193565012	0.832559951	4.15	5.15
1.2.25	13/06/2013	isdammen	9.02	4.56	3.79	155.9	1	34.16	0	0	0	NA	NA	NA	0.0837	59.9	5.96	9.91	0.333	4.774	14.324	NA	NA	illumina	Adventdalen	Isdammen	natural tundra (Dryas heathland)	8672652.7	509697.3	33	NA	NA	NA	NA	168	50009	153	NA	0	1	14	9	0	25	14	54	2.16	0.963768116	-3.275	792	0.166216255	0.059476741	3.467709073	0.685826838	4.15	5.15
1.2.27	27/07/2013	isdammen	10.67	6.19	4.09	270.1	1	37.45	13.34	0	13.34	4	14.8	12.76	0.1501	73.74	6.02	9.85	0.417	5.216	12.524	NA	NA	illumina	Adventdalen	Isdammen	natural tundra (Dryas heathland)	8672652.7	509697.3	33	NA	NA	NA	NA	168	25915	166	0	0.356208278	3	20	3	0	28	14	71	2.535714286	0.606557377	-3.275	792	0.218378966	0.040837925	3.893007685	0.760651112	4.15	5.15
1.2.28	27/07/2013	isdammen	9.93	5.74	3.49	198.9	1	33.56	10.86	0	10.86	4	16.14	14.52	0.1256	71.11	6.12	9.67	0.309	4.139	13.387	NA	NA	illumina	Adventdalen	Isdammen	natural tundra (Dryas heathland)	8672652.7	509697.3	33	NA	NA	NA	NA	125	46809	124	0	0.323599523	1	12	6	0	24	9	61	2.541666667	1.76146789	-3.275	792	0.299717494	0.079248706	3.089174884	0.644142995	4.15	5.15
1.2.29	27/07/2013	isdammen	17.14	4.64	4.63	368.2	1	41.59	16.2	3.86	12.89	4	16.93	13.1	0.2823	54.94	6.11	8.99	0.341	4.233	12.417	NA	NA	illumina	Adventdalen	Isdammen	natural tundra (Dryas heathland)	8672652.7	509697.3	33	NA	NA	NA	NA	186	43504	182	0.299456943	0.389516711	7	23	7	0	36	13	54	1.5	0.359375	-3.275	792	0.234582789	0.03844081	3.501072687	0.675650122	4.15	5.15
1.2.30	27/07/2013	isdammen	11.99	3.48	3.61	150.6	1	27.94	7.77	0	7.77	3	15.51	17.59	0.1862	62.46	6.04	9.34	0.259	3.502	13.515	NA	NA	illumina	Adventdalen	Isdammen	natural tundra (Dryas heathland)	8672652.7	509697.3	33	NA	NA	NA	NA	144	25069	143	0	0.27809592	0	15	3	0	19	12	76	4	5.333333333	-3.275	792	0.215779095	0.058713381	3.690534523	0.743632896	4.15	5.15
1.2.31	09/09/2013	isdammen	18.15	4.02	4.39	320.3	1	35.86	14.71	0	14.71	5	12.64	14.32	0.1632	56.45	6.34	11.01	0.301	4.659	15.486	NA	NA	illumina	Adventdalen	Isdammen	natural tundra (Dryas heathland)	8672652.7	509697.3	33	NA	NA	NA	NA	147	26173	147	0	0.410206358	1	15	4	0	26	9	61	2.346153846	0.909774436	-3.275	792	0.172282152	0.062349699	3.453039106	0.693836417	4.15	5.15
1.2.32	09/09/2013	isdammen	14.59	6.71	3.92	383.8	1	33.53	10.39	0	10.39	6	16.79	18.85	0.2284	93.67	3.38	12.86	0.49	7.686	15.694	NA	NA	illumina	Adventdalen	Isdammen	natural tundra (Dryas heathland)	8672652.7	509697.3	33	NA	NA	NA	NA	111	26509	109	0	0.309871757	0	6	3	0	17	8	55	3.235294118	2.704918033	-3.275	792	0.149714979	0.056509135	3.23896709	0.690412899	4.15	5.15
1.2.33	09/09/2013	isdammen	10.57	6.39	3.63	245.2	1	24.18	10.8	0	10.8	5	6.7	9.18	0.1071	54.69	6.43	9.37	0.31	5.1	16.445	NA	NA	illumina	Adventdalen	Isdammen	natural tundra (Dryas heathland)	8672652.7	509697.3	33	NA	NA	NA	NA	140	40468	130	0	0.446650124	0	15	3	0	18	6	56	3.111111111	7.166666667	-3.275	792	0.234692319	0.056290359	2.760619899	0.563640301	4.15	5.15
1.2.34	09/09/2013	isdammen	14.47	6.21	3.25	292	1	43.16	14.93	0	14.93	6	15.35	15.82	0.1729	45.73	6.3	11.05	0.384	6.432	16.738	NA	NA	illumina	Adventdalen	Isdammen	natural tundra (Dryas heathland)	8672652.7	509697.3	33	NA	NA	NA	NA	135	34432	134	0	0.34592215	1	16	5	0	27	7	49	1.814814815	0.427083333	-3.275	792	0.079787723	0.05146816	3.630743572	0.742430341	4.15	5.15
1.2.6	27/07/2012	isdammen	12.47	3.58	3.99	178.1	1	16.15	7.96	3.71	6.45	4	11.04	11.8	0.0454	37.43	6.13	10.75	0.33	4.989	15.124	NA	NA	illumina	Adventdalen	Isdammen	natural tundra (Dryas heathland)	8672652.7	509697.3	33	NA	NA	NA	NA	193	104720	168	0.575193798	0.492879257	1	13	4	0	21	7	54	2.571428571	0.341085271	-4.4833333	851	0.037177226	0.014971353	3.868824975	0.762303936	4.15	4.15
1.2.7	27/07/2012	isdammen	17.3	4.57	5.29	418.2	1	42.32	11.85	1.98	9.75	4	11.65	14.47	0.1342	50.43	6.13	11.38	0.383	5.451	14.244	NA	NA	illumina	Adventdalen	Isdammen	natural tundra (Dryas heathland)	8672652.7	509697.3	33	NA	NA	NA	NA	158	69507	138	0.203076923	0.280009452	2	23	4	0	17	11	65	3.823529412	3.148148148	-4.4833333	851	0.187402494	0.043699903	2.869100515	0.577305493	4.15	4.15
1.2.8	27/07/2012	isdammen	9.63	4.02	5.54	214.5	1	41.22	11.76	0	10.79	5	13.75	12.03	0.1224	75.87	6.23	9.31	0.289	3.983	13.769	NA	NA	illumina	Adventdalen	Isdammen	natural tundra (Dryas heathland)	8672652.7	509697.3	33	NA	NA	NA	NA	221	181658	169	0	0.285298399	0	12	4	0	17	11	79	4.647058824	1.161538462	-4.4833333	851	0.149573811	-0.017705116	3.093111853	0.606508405	4.15	4.15
1.2.9	27/07/2012	isdammen	9.19	3.58	2.4	79	1	30.2	11.74	0	11.74	2	13.34	13.63	0.0451	32.74	6.07	9.77	0.356	4.825	13.551	NA	NA	illumina	Adventdalen	Isdammen	natural tundra (Dryas heathland)	8672652.7	509697.3	33	NA	NA	NA	NA	195	107769	171	0	0.388741722	2	9	4	0	13	5	85	6.538461538	0.099378882	-4.4833333	851	0.004316761	0.016408516	4.013940484	0.775468387	4.15	4.15
1.3.10	27/07/2012	isdammen	12.2	5.21	6.19	393.4	1	36.07	18.72	3.01	16.38	3	15.27	11.07	0.073	35.1	5.99	13.84	0.41	6.638	16.195	NA	NA	illumina	Adventdalen	Isdammen	natural tundra (Dryas heathland)	8672653.8	509704.2	33	NA	NA	NA	NA	193	128037	171	0.183760684	0.518990851	3	13	11	0	33	11	61	1.848484848	0.897058824	-4.4833333	851	0.216391368	0.003189712	3.606321542	0.702192967	4.15	4.15
1.3.11	02/09/2012	isdammen	8.17	3.67	2.51	75.3	1	28.88	9.02	0	9.02	2	11.35	6.29	0.0898	66.87	6.27	7.89	0.273	3.858	14.137	NA	NA	illumina	Adventdalen	Isdammen	natural tundra (Dryas heathland)	8672653.8	509704.2	33	NA	NA	NA	NA	183	109687	143	0	0.31232687	6	7	5	0	25	3	54	2.16	4.409090909	-4.4833333	851	0.328840641	-0.129958913	2.567158428	0.519494979	4.15	4.15
1.3.12	02/09/2012	isdammen	11.76	4.3	3.31	167.4	1	40.75	0	0	NA	6	16.56	17.78	0.0755	48.41	6.24	10.76	0.372	6.286	16.896	NA	NA	illumina	Adventdalen	Isdammen	natural tundra (Dryas heathland)	8672653.8	509704.2	33	NA	NA	NA	NA	187	62554	159	NA	0	3	11	7	0	24	14	73	3.041666667	1.137096774	-4.4833333	851	0.285032942	0.044853249	3.248116602	0.638438348	4.15	4.15
1.3.13	02/09/2012	isdammen	11.84	4.33	2.54	130.2	1	28.19	5.05	0	5.05	4	13.47	8.51	0.1665	65.98	6.28	8.27	0.247	3.541	14.314	NA	NA	illumina	Adventdalen	Isdammen	natural tundra (Dryas heathland)	8672653.8	509704.2	33	NA	NA	NA	NA	173	67314	151	0	0.17914154	1	11	6	0	27	12	75	2.777777778	1.723809524	-4.4833333	851	0.252481649	0.067639103	3.698875114	0.73340538	4.15	4.15
1.3.14	02/09/2012	isdammen	10.4	4.91	2.64	134.8	1	19.45	11.37	0	11.37	5	10.56	9.5	0.0931	45.55	6.2	11.72	0.341	5.438	15.965	NA	NA	illumina	Adventdalen	Isdammen	natural tundra (Dryas heathland)	8672653.8	509704.2	33	NA	NA	NA	NA	161	36626	155	0	0.584575835	0	12	2	0	22	11	78	3.545454545	0.892857143	-4.4833333	851	0.282116537	0.075099094	3.376156582	0.670277616	4.15	4.15
1.3.15	02/09/2012	isdammen	16.39	4.13	2.66	180.1	1	37.75	0	0	0	7	17.24	18.16	0.1352	42.21	6.16	11.09	0.305	4.46	14.609	NA	NA	illumina	Adventdalen	Isdammen	natural tundra (Dryas heathland)	8672653.8	509704.2	33	NA	NA	NA	NA	118	32284	114	NA	0	0	15	5	0	21	11	49	2.333333333	2.392405063	-4.4833333	851	0.323829558	0.053680723	3.09692127	0.651491009	4.15	4.15
1.3.21	13/06/2013	isdammen	8.66	4.1	2.98	105.8	0	NA	NA	NA	NA	NA	NA	NA	0.0983	59.82	6.03	13.1	0.378	6.433	16.998	NA	NA	illumina	Adventdalen	Isdammen	natural tundra (Dryas heathland)	8672653.8	509704.2	33	NA	NA	NA	NA	150	54159	143	NA	NA	0	15	3	0	27	7	64	2.37037037	1.46728972	-3.275	792	0.17985535	0.020856133	3.506679004	0.705595722	4.15	5.15
1.3.22	13/06/2013	isdammen	10.03	4.59	3.32	152.8	1	31.13	0	0	0	NA	NA	NA	0.1663	64.58	6.23	11.32	0.363	5.224	14.398	NA	NA	illumina	Adventdalen	Isdammen	natural tundra (Dryas heathland)	8672653.8	509704.2	33	NA	NA	NA	NA	174	83577	158	NA	0	0	11	2	0	23	12	80	3.47826087	0.477272727	-3.275	792	0.034109708	0.005219909	4.192956242	0.829262738	4.15	5.15
1.3.23	13/06/2013	isdammen	14.26	4.71	3.43	230.4	0	NA	NA	NA	NA	NA	NA	NA	0.1124	41.12	6.18	8.8	0.263	3.562	13.567	NA	NA	illumina	Adventdalen	Isdammen	natural tundra (Dryas heathland)	8672653.8	509704.2	33	NA	NA	NA	NA	150	74136	143	NA	NA	1	12	4	0	29	6	67	2.310344828	0.694444444	-3.275	792	0.025593822	0.005809084	3.523609427	0.70704004	4.15	5.15
1.3.24	13/06/2013	isdammen	12.97	5.3	3.32	228.2	1	38.21	0	0	0	NA	NA	NA	0.1231	89.12	6.18	9.48	0.324	5.104	15.74	NA	NA	illumina	Adventdalen	Isdammen	natural tundra (Dryas heathland)	8672653.8	509704.2	33	NA	NA	NA	NA	177	56464	164	NA	0	4	11	6	0	30	13	56	1.866666667	0.210526316	-3.275	792	0.032812336	0.033759329	3.9453027	0.769970811	4.15	5.15
1.3.25	13/06/2013	isdammen	10.13	6.34	4.48	287.7	0	NA	NA	NA	NA	NA	NA	NA	0.1388	73.13	6.01	9.24	0.282	3.888	13.777	NA	NA	illumina	Adventdalen	Isdammen	natural tundra (Dryas heathland)	8672653.8	509704.2	33	NA	NA	NA	NA	167	79263	151	NA	NA	2	15	6	0	20	16	63	3.15	0.297297297	-3.275	792	0.127535318	0.036303715	3.675208372	0.725953458	4.15	5.15
1.3.26	27/07/2013	isdammen	10.32	4.78	3.52	173.6	1	31.53	12.25	0	12.25	3	7.17	10.83	0.1535	89.75	6.13	10.01	0.531	7.534	14.199	NA	NA	illumina	Adventdalen	Isdammen	natural tundra (Dryas heathland)	8672653.8	509704.2	33	NA	NA	NA	NA	184	52222	174	0	0.388518871	5	12	8	0	33	12	71	2.151515152	0.642276423	-3.275	792	0.228077543	0.097709708	3.887807969	0.751923412	4.15	5.15
1.3.27	27/07/2013	isdammen	14.17	5.04	3.46	247.1	1	46.17	11.1	0	11.1	3	19.27	14.85	0.2405	65.4	6.19	9.02	0.27	3.799	14.086	NA	NA	illumina	Adventdalen	Isdammen	natural tundra (Dryas heathland)	8672653.8	509704.2	33	NA	NA	NA	NA	138	24613	138	0	0.240415854	0	18	6	0	28	7	57	2.035714286	1.831460674	-3.275	792	0.203167292	0.041036472	3.566247892	0.723780045	4.15	5.15
1.3.28	27/07/2013	isdammen	8.1	3.72	4.5	135.6	1	39.41	18.1	3.18	15.48	3	17.92	11.41	0.146	57.8	6.27	9.32	0.271	3.644	13.423	NA	NA	illumina	Adventdalen	Isdammen	natural tundra (Dryas heathland)	8672653.8	509704.2	33	NA	NA	NA	NA	140	23923	138	0.205426357	0.459274296	4	12	4	0	30	13	56	1.866666667	2.982758621	-3.275	792	0.207375642	0.025547671	3.214361787	0.651409214	4.15	5.15
1.3.29	27/07/2013	isdammen	17.14	3.35	2.92	167.7	1	29.98	13.94	0	13.94	4	14.4	9.37	0.1797	63.26	6.16	8.71	0.261	3.565	13.678	NA	NA	illumina	Adventdalen	Isdammen	natural tundra (Dryas heathland)	8672653.8	509704.2	33	NA	NA	NA	NA	136	29953	133	0	0.464976651	0	13	4	0	26	10	65	2.5	2.297619048	-3.275	792	0.302826495	0.08310415	3.523680672	0.719435673	4.15	5.15
1.3.30	27/07/2013	isdammen	18.26	5.35	3.97	387.8	1	46.88	19.72	0	19.72	4	17.86	10.45	0.2283	67.8	6.04	9.5	0.296	3.747	12.661	NA	NA	illumina	Adventdalen	Isdammen	natural tundra (Dryas heathland)	8672653.8	509704.2	33	NA	NA	NA	NA	109	33752	107	0	0.420648464	1	6	4	0	14	8	61	4.357142857	2	-3.275	792	0.279110231	0.12680692	2.899450861	0.624290876	4.15	5.15
1.3.31	09/09/2013	isdammen	10.64	6.64	3.68	260	1	28.83	12.91	0	12.91	5	12.69	8.03	0.131	49.6	6.12	9.88	0.298	4.408	14.813	NA	NA	illumina	Adventdalen	Isdammen	natural tundra (Dryas heathland)	8672653.8	509704.2	33	NA	NA	NA	NA	122	46400	115	0	0.447797433	0	9	5	0	18	8	53	2.944444444	1.723076923	-3.275	792	0.045110608	0.074467389	2.983014896	0.629833173	4.15	5.15
1.3.32	09/09/2013	isdammen	14.18	6.1	3.54	306.2	1	40.87	12.85	0	12.85	6	14.64	12.82	0.0866	59.43	6.03	11.27	0.309	4.242	13.742	NA	NA	illumina	Adventdalen	Isdammen	natural tundra (Dryas heathland)	8672653.8	509704.2	33	NA	NA	NA	NA	133	39758	126	0	0.314411549	0	8	3	0	18	7	65	3.611111111	1.054054054	-3.275	792	0.068686986	0.020589241	3.488580779	0.71670387	4.15	5.15
1.3.33	09/09/2013	isdammen	8.27	3.58	3.05	90.3	1	35.77	11.12	0	11.12	5	5.33	6.75	0.1036	51.38	6.17	13.83	0.458	7.299	15.925	NA	NA	illumina	Adventdalen	Isdammen	natural tundra (Dryas heathland)	8672653.8	509704.2	33	NA	NA	NA	NA	160	56080	153	0	0.310875035	0	13	1	0	29	8	69	2.379310345	0.264900662	-3.275	792	0.066945892	-0.017434204	3.694913564	0.740399454	4.15	5.15
1.3.35	09/09/2013	isdammen	12.27	5.45	3.61	241.4	1	43.58	10.54	0	10.54	5	14.2	20.33	0.1559	55.78	6.29	11.37	0.301	4.934	16.397	NA	NA	illumina	Adventdalen	Isdammen	natural tundra (Dryas heathland)	8672653.8	509704.2	33	NA	NA	NA	NA	165	43472	155	0	0.241854061	0	14	6	0	27	11	71	2.62962963	0.823529412	-3.275	792	0.07176057	0.024073663	3.894765842	0.769322021	4.15	5.15
1.3.6	27/07/2012	isdammen	17.68	3.44	6.71	408.1	1	56.77	15.89	0	15.89	4	20.44	14.3	0.1394	86.9	6.31	18.03	0.388	7.023	18.123	NA	NA	illumina	Adventdalen	Isdammen	natural tundra (Dryas heathland)	8672653.8	509704.2	33	NA	NA	NA	NA	262	183038	217	0	0.279901356	1	30	6	0	27	21	87	3.222222222	2.041666667	-4.4833333	851	0.097638916	-0.026955414	3.785637765	0.697254885	4.15	4.15
1.3.8	27/07/2012	isdammen	11.42	3.15	1.51	54.3	1	35.06	14.06	2.14	13.1	4	15.74	7.01	0.0756	45	6.08	10.65	0.307	4.351	14.169	NA	NA	illumina	Adventdalen	Isdammen	natural tundra (Dryas heathland)	8672653.8	509704.2	33	NA	NA	NA	NA	175	128561	152	0.163358779	0.401026811	0	9	4	0	17	8	56	3.294117647	0.71875	-4.4833333	851	-0.037902389	-0.039760587	3.824194389	0.762204723	4.15	4.15
1.3.9	27/07/2012	isdammen	10.14	3.44	2.13	74.3	1	37.45	9.9	2.64	7.11	2	11.69	12.14	0.0613	65.69	6.09	13.14	0.408	6.238	15.305	NA	NA	illumina	Adventdalen	Isdammen	natural tundra (Dryas heathland)	8672653.8	509704.2	33	NA	NA	NA	NA	215	145735	190	0.371308017	0.26435247	6	16	8	0	39	12	55	1.41025641	0.990147783	-4.4833333	851	-0.014160869	-0.006236002	3.834559041	0.73154218	4.15	4.15
1.4.10	27/07/2012	isdammen	11.77	3.88	4.98	227.4	1	33.45	13.77	5.38	10.68	4	15.25	13.3	0.0923	44.32	6.37	10.63	0.543	8.844	16.295	NA	NA	illumina	Adventdalen	Isdammen	natural tundra (Dryas heathland)	8672658.3	509703.7	33	NA	NA	NA	NA	197	163200	169	0.503745318	0.411659193	0	9	2	0	20	10	64	3.2	0.490909091	-4.4833333	851	-0.015454858	-0.063210084	3.833224703	0.754363248	4.15	4.15
1.4.11	02/09/2012	isdammen	10.21	3.92	3.34	133.7	1	20.9	8.28	0	8.28	3	12.7	11.9	0.1293	38.01	6.45	10.85	0.345	4.96	14.383	NA	NA	illumina	Adventdalen	Isdammen	natural tundra (Dryas heathland)	8672658.3	509703.7	33	NA	NA	NA	NA	115	23527	114	0	0.396172249	1	8	4	0	17	5	55	3.235294118	2.592105263	-4.4833333	851	0.340256612	0.039711821	2.717660369	0.573806271	4.15	4.15
1.4.12	02/09/2012	isdammen	12.91	4.7	3.22	195.4	1	47.7	15.17	0	15.17	4	17.74	12.73	0.0645	57.18	6.28	12.24	0.416	7.457	17.931	NA	NA	illumina	Adventdalen	Isdammen	natural tundra (Dryas heathland)	8672658.3	509703.7	33	NA	NA	NA	NA	157	45364	149	0	0.31802935	3	19	7	0	21	10	59	2.80952381	3.574468085	-4.4833333	851	0.23145934	-0.012753142	3.479306671	0.698150343	4.15	4.15
1.4.13	02/09/2012	isdammen	16.75	4.43	3.27	242.6	1	32.16	11.88	0	11.88	3	13.09	12.14	0.1491	61.74	6.4	15.48	0.482	8.471	17.557	NA	NA	illumina	Adventdalen	Isdammen	natural tundra (Dryas heathland)	8672658.3	509703.7	33	NA	NA	NA	NA	227	114647	185	0	0.369402985	2	11	4	0	36	10	66	1.833333333	0.402684564	-4.4833333	851	0.060159922	-0.029331049	3.906251291	0.745974331	4.15	4.15
1.4.14	02/09/2012	isdammen	11.12	4.51	3.25	163	1	28.24	13.8	2.05	11.8	4	12.3	6.51	0.0775	46.42	6.26	11.76	0.341	5.045	14.816	NA	NA	illumina	Adventdalen	Isdammen	natural tundra (Dryas heathland)	8672658.3	509703.7	33	NA	NA	NA	NA	183	74277	159	0.173728814	0.488668555	4	18	5	0	22	12	49	2.227272727	1.049751244	-4.4833333	851	-0.036471405	0.002732559	3.664477328	0.722039769	4.15	4.15
1.4.15	02/09/2012	isdammen	10.32	4.22	3.51	152.9	1	32.32	13.31	0	13.31	5	9.94	11.33	0.1017	39.17	6.31	13.63	0.317	4.841	15.289	NA	NA	illumina	Adventdalen	Isdammen	natural tundra (Dryas heathland)	8672658.3	509703.7	33	NA	NA	NA	NA	239	182861	181	0	0.411819307	2	11	7	0	24	9	82	3.416666667	8	-4.4833333	851	0.094632679	-0.066495762	3.575385164	0.690742221	4.15	4.15
1.4.21	13/06/2013	isdammen	11.74	4.09	3.17	152.2	0	NA	NA	NA	NA	NA	NA	NA	0.0979	58.12	6.03	12.25	0.399	5.513	13.816	NA	NA	illumina	Adventdalen	Isdammen	natural tundra (Dryas heathland)	8672658.3	509703.7	33	NA	NA	NA	NA	140	50533	134	NA	NA	0	17	3	0	22	12	49	2.227272727	0.205263158	-3.275	792	0.099880347	0.016214577	3.493876983	0.714443262	4.15	5.15
1.4.23	13/06/2013	isdammen	14.81	3.26	4.04	195.1	1	34.35	0	0	0	NA	NA	NA	0.1503	75.82	6.03	11.08	0.336	5.095	15.167	NA	NA	illumina	Adventdalen	Isdammen	natural tundra (Dryas heathland)	8672658.3	509703.7	33	NA	NA	NA	NA	168	61237	162	NA	0	0	13	2	0	25	11	67	2.68	0.703389831	-3.275	792	0.040143657	-0.026539864	3.835747165	0.759575552	4.15	5.15
1.4.24	13/06/2013	isdammen	10.17	3.58	3.96	144.2	0	NA	NA	NA	NA	NA	NA	NA	0.0759	47.18	6.29	9.59	0.28	3.851	13.749	NA	NA	illumina	Adventdalen	Isdammen	natural tundra (Dryas heathland)	8672658.3	509703.7	33	NA	NA	NA	NA	123	46987	120	NA	NA	0	15	4	0	22	5	45	2.045454545	1.035175879	-3.275	792	0.038161531	-0.018859553	3.806942064	0.795185092	4.15	5.15
1.4.25	13/06/2013	isdammen	12.43	3.4	3.17	134	0	NA	NA	NA	NA	NA	NA	NA	0.1066	67.38	6.15	11.71	0.426	7.812	18.325	NA	NA	illumina	Adventdalen	Isdammen	natural tundra (Dryas heathland)	8672658.3	509703.7	33	NA	NA	NA	NA	137	64084	124	NA	NA	1	13	4	0	26	12	41	1.576923077	1.243243243	-3.275	792	0.027383278	0.028232619	3.446774681	0.709240274	4.15	5.15
1.4.26	27/07/2013	isdammen	11.51	4.41	2.96	150.2	1	38.75	8.88	0	8.88	3	12.1	17	0.1795	134.58	6.06	11.19	0.431	6.387	14.826	NA	NA	illumina	Adventdalen	Isdammen	natural tundra (Dryas heathland)	8672658.3	509703.7	33	NA	NA	NA	NA	130	26224	130	0	0.22916129	0	13	2	0	22	10	72	3.272727273	2	-3.275	792	0.250960803	0.109858938	3.650152744	0.751089227	4.15	5.15
1.4.28	27/07/2013	isdammen	13.04	4.32	3.41	192.1	1	54.36	15.69	0	15.69	4	9.32	9.82	0.1443	72.91	6.21	9.02	0.254	3.528	13.903	NA	NA	illumina	Adventdalen	Isdammen	natural tundra (Dryas heathland)	8672658.3	509703.7	33	NA	NA	NA	NA	151	39683	144	0	0.288631347	0	10	4	0	23	9	76	3.304347826	0.625	-3.275	792	0.123572229	0.02569636	3.819431881	0.765350862	4.15	5.15
1.4.31	09/09/2013	isdammen	11.16	2.51	2.9	81.2	1	36.8	15.35	0	15.35	5	6.84	8.2	0.121	84.18	6.08	9.41	0.33	4.414	13.377	NA	NA	illumina	Adventdalen	Isdammen	natural tundra (Dryas heathland)	8672658.3	509703.7	33	NA	NA	NA	NA	109	30597	108	0	0.417119565	0	5	4	0	22	9	52	2.363636364	1.907216495	-3.275	792	0.287009273	-0.004215417	3.394249344	0.726379986	4.15	5.15
1.4.32	09/09/2013	isdammen	10.92	6.83	4.12	307.3	1	26.93	13.03	0	13.03	6	10.64	11.74	0.2392	97.95	6.12	9.92	0.328	4.784	14.572	NA	NA	illumina	Adventdalen	Isdammen	natural tundra (Dryas heathland)	8672658.3	509703.7	33	NA	NA	NA	NA	134	33719	130	0	0.483847011	1	10	2	0	26	8	60	2.307692308	0.696428571	-3.275	792	0.056594594	0.038519678	3.524181755	0.722879818	4.15	5.15
1.4.34	09/09/2013	isdammen	19.29	4.74	3.45	315.4	1	34.32	12.46	0	12.46	5	13.49	9.89	0.1924	110.2	6.16	11.56	0.344	4.859	14.13	NA	NA	illumina	Adventdalen	Isdammen	natural tundra (Dryas heathland)	8672658.3	509703.7	33	NA	NA	NA	NA	193	74394	178	0	0.363053613	3	6	7	0	38	9	66	1.736842105	0.725490196	-3.275	792	0.051292717	-0.013124978	3.546113869	0.680703195	4.15	5.15
1.4.35	09/09/2013	isdammen	10.1	5.79	3.95	231	1	40.16	14.57	0	14.57	6	18.86	21.13	0.2608	108.55	6.24	12.94	0.446	6.487	14.541	NA	NA	illumina	Adventdalen	Isdammen	natural tundra (Dryas heathland)	8672658.3	509703.7	33	NA	NA	NA	NA	159	32139	153	0	0.362798805	0	12	5	0	30	14	65	2.166666667	1.116788321	-3.275	792	0.174374245	-0.000739558	3.695683017	0.730914429	4.15	5.15
1.4.6	27/07/2012	isdammen	13.88	4.41	3.75	229.5	1	35.58	15.24	0	15.24	4	14.99	12.9	0.1046	57.59	6.25	12.03	0.354	5.241	14.805	NA	NA	illumina	Adventdalen	Isdammen	natural tundra (Dryas heathland)	8672658.3	509703.7	33	NA	NA	NA	NA	249	142377	205	0	0.428330523	6	25	4	0	38	13	66	1.736842105	1.025380711	-4.4833333	851	-0.007938295	-0.019041502	4.259482834	0.79174054	4.15	4.15
1.4.7	27/07/2012	isdammen	13.29	3.99	4.26	225.9	1	25.55	11.22	0.76	11.07	2	14.46	7.52	0.0903	52.7	6.2	12.52	0.404	6.277	15.542	NA	NA	illumina	Adventdalen	Isdammen	natural tundra (Dryas heathland)	8672658.3	509703.7	33	NA	NA	NA	NA	206	154615	168	0.06865402	0.439138943	1	23	2	0	24	10	56	2.333333333	0.826666667	-4.4833333	851	0.031041754	0.00465112	3.90223473	0.760684557	4.15	4.15
1.4.8	27/07/2012	isdammen	12.9	4.27	3.12	171.9	1	35.98	6.49	0	6.49	4	15.25	12.56	0.0732	52.7	6.09	9.33	0.31	4.576	14.758	NA	NA	illumina	Adventdalen	Isdammen	natural tundra (Dryas heathland)	8672658.3	509703.7	33	NA	NA	NA	NA	225	200833	173	0	0.180377988	2	13	2	0	30	9	66	2.2	0.116666667	-4.4833333	851	0.008283776	-0.04052767	3.651776805	0.706273689	4.15	4.15
1.4.9	27/07/2012	isdammen	17.85	4.63	3.19	263.6	1	30.07	12.38	0	12.38	5	15.28	12.04	0.1759	49.1	6.27	10.67	0.313	4.164	13.283	NA	NA	illumina	Adventdalen	Isdammen	natural tundra (Dryas heathland)	8672658.3	509703.7	33	NA	NA	NA	NA	174	147293	154	0	0.411706019	4	15	7	0	19	10	51	2.684210526	1	-4.4833333	851	-0.004816104	-0.041244677	3.662191602	0.728006519	4.15	4.15
2.1.10	30/07/2012	birdcliff	16.23	5.05	4.36	357.4	1	39.72	21.6	6.17	16.92	4	21.2	18.95	NA	53.29	5.99	15.3	0.343	8.279	24.129	NA	NA	illumina	Bjorndalen	Vestpynten	nutrient-rich edge habitat	8684446.1	507530.6	33	NA	NA	NA	NA	217	139311	183	0.36465721	0.543806647	0	13	3	0	30	14	55	1.833333333	0.308139535	-4.1583333	642	0.03076771	0.032109127	3.609385071	0.694313193	4.05	4.05
2.1.6	30/07/2012	birdcliff	18.08	4.12	3.7	275.6	1	35.99	14.69	4.35	12.06	4	16.27	13.98	NA	42.42	5.85	13.04	0.487	7.131	14.655	NA	NA	illumina	Bjorndalen	Vestpynten	nutrient-rich edge habitat	8684446.1	507530.6	33	NA	NA	NA	NA	230	172891	178	0.360696517	0.408168936	5	6	8	2	28	10	44	1.571428571	0.619047619	-4.1583333	642	-0.03684137	0.042564186	3.456544048	0.667782855	4.05	4.05
2.1.7	30/07/2012	birdcliff	24.79	4.47	3.95	437.7	1	45.32	18.38	6.37	12.32	4	17.09	17.86	NA	41.4	5.64	18.4	0.47	8.239	17.527	NA	NA	illumina	Bjorndalen	Vestpynten	nutrient-rich edge habitat	8684446.1	507530.6	33	NA	NA	NA	NA	161	138403	137	0.517045455	0.405560459	0	7	2	0	5	10	62	12.4	139	-4.1583333	642	0.05146924	0.034370679	3.547907219	0.724382047	4.05	4.05
2.1.8	30/07/2012	birdcliff	23.56	6.13	4.8	693.2	1	45.64	21.11	6.98	15.37	4	21.84	17.02	NA	53.44	5.71	22.18	0.47	9.278	19.733	NA	NA	illumina	Bjorndalen	Vestpynten	nutrient-rich edge habitat	8684446.1	507530.6	33	NA	NA	NA	NA	166	141532	142	0.454131425	0.462532866	5	15	7	0	19	10	36	1.894736842	0.553072626	-4.1583333	642	0.080614002	0.067983535	3.089966559	0.620882434	4.05	4.05
2.1.9	30/07/2012	birdcliff	21.78	2.39	2.32	120.8	1	46.73	12.38	2.28	10.76	2	11.11	25.7	NA	59.49	5.82	17.23	1.007	26.115	25.934	NA	NA	illumina	Bjorndalen	Vestpynten	nutrient-rich edge habitat	8684446.1	507530.6	33	NA	NA	NA	NA	206	138096	177	0.211895911	0.264926172	1	7	2	2	16	13	77	4.8125	0.168918919	-4.1583333	642	-0.036242428	0.052590912	3.977141314	0.763442151	4.05	4.05
2.2.10	30/07/2012	birdcliff	15.28	4.19	3.29	210.6	1	46.5	20.66	6.44	17.13	4	15.71	20.13	NA	45.55	5.36	22.59	0.526	10.062	19.124	NA	NA	illumina	Bjorndalen	Vestpynten	nutrient-rich edge habitat	8684466.7	507554.7	33	NA	NA	NA	NA	180	147788	154	0.375948628	0.444301075	0	8	3	0	20	11	51	2.55	0.071428571	-4.1583333	642	-0.08670554	0.019629558	3.324831017	0.658401153	4.05	4.05
2.2.6	30/07/2012	birdcliff	17.32	3.67	3.52	223.7	1	53.47	21.83	6.67	19.34	4	15.48	21.46	NA	33.37	5.36	15.17	0.457	8.603	18.827	NA	NA	illumina	Bjorndalen	Vestpynten	nutrient-rich edge habitat	8684466.7	507554.7	33	NA	NA	NA	NA	177	132666	145	0.344881075	0.408266318	0	11	6	0	17	11	33	1.941176471	2	-4.1583333	642	-0.05903236	0.024988617	3.604668909	0.727359705	4.05	4.05
2.2.7	30/07/2012	birdcliff	10.8	6.79	3.61	264.7	1	43.57	22.66	3.25	19.93	4	14.8	9.07	NA	48.08	5.72	9.3	0.273	5.06	18.512	NA	NA	illumina	Bjorndalen	Vestpynten	nutrient-rich edge habitat	8684466.7	507554.7	33	NA	NA	NA	NA	176	94733	163	0.163070748	0.520082626	0	6	4	0	11	3	88	8	12.75	-4.1583333	642	-0.099459971	0.07873908	3.587664807	0.705178747	4.05	4.05
2.2.8	30/07/2012	birdcliff	8.77	3.64	2.28	72.8	1	24.24	14.27	7.16	8.08	4	9.56	6.67	NA	46.23	5.68	16.35	0.544	9.928	18.261	NA	NA	illumina	Bjorndalen	Vestpynten	nutrient-rich edge habitat	8684466.7	507554.7	33	NA	NA	NA	NA	177	150263	149	0.886138614	0.58869637	0	8	9	0	14	12	46	3.285714286	0.346534653	-4.1583333	642	-0.069012663	0.024002427	3.464805719	0.699137738	4.05	4.05
2.2.9	30/07/2012	birdcliff	10.54	3.85	3.89	157.9	1	33.19	14.83	4.59	9	3	10.49	14.27	NA	44.59	5.28	14.52	0.512	11.838	23.131	NA	NA	illumina	Bjorndalen	Vestpynten	nutrient-rich edge habitat	8684466.7	507554.7	33	NA	NA	NA	NA	134	68249	122	0.51	0.446821332	0	1	0	0	18	8	51	2.833333333	0.426470588	-4.1583333	642	-0.062677721	-0.006520462	3.451253719	0.715985917	4.05	4.05
2.3.10	30/07/2012	birdcliff	24.19	4.56	4.71	519.5	1	62.2	26.79	11.19	22.92	4	19.91	21.14	NA	36.13	5.69	12.79	0.39	6.967	17.881	NA	NA	illumina	Bjorndalen	Vestpynten	nutrient-rich edge habitat	8684466.7	507549.4	33	NA	NA	NA	NA	209	218660	164	0.488219895	0.430707395	0	14	5	0	26	9	33	1.269230769	0.146551724	-4.1583333	642	-0.077331037	-0.004310565	3.480331643	0.679226407	4.05	4.05
2.3.6	30/07/2012	birdcliff	13.55	4.89	3.1	205.4	1	35.18	21.87	7.64	12.43	4	20.37	14.94	NA	43.3	5.76	13	1.171	26.027	22.22	NA	NA	illumina	Bjorndalen	Vestpynten	nutrient-rich edge habitat	8684466.7	507549.4	33	NA	NA	NA	NA	154	112822	131	0.614641995	0.621660034	2	5	1	0	20	8	19	0.95	0.172413793	-4.1583333	642	-0.09778309	-0.075654613	3.401560111	0.699936505	4.05	4.05
2.3.8	30/07/2012	birdcliff	35.28	3.71	3.47	454.2	1	72.09	21.75	4.02	18.48	4	20.79	27.86	NA	37.38	5.81	9.48	0.449	5.282	11.769	NA	NA	illumina	Bjorndalen	Vestpynten	nutrient-rich edge habitat	8684466.7	507549.4	33	NA	NA	NA	NA	145	30224	142	0.217532468	0.301706201	0	3	1	0	15	15	50	3.333333333	1.32	-4.1583333	642	-0.052079656	-0.019962535	3.885913999	0.78411009	4.05	4.05
2.3.9	30/07/2012	birdcliff	12.41	3.25	2.85	114.9	1	24.64	17.13	4.45	12.66	5	11.87	7.17	NA	66.6	5.79	6.76	0.194	3.144	16.198	NA	NA	illumina	Bjorndalen	Vestpynten	nutrient-rich edge habitat	8684466.7	507549.4	33	NA	NA	NA	NA	285	133458	229	0.35150079	0.695211039	8	14	11	0	38	12	80	2.105263158	0.069364162	-4.1583333	642	-0.035798773	0.008160703	4.045219954	0.741518211	4.05	4.05
2.4.10	30/07/2012	birdcliff	15.22	3.37	2.76	141.6	1	41.88	17.49	1.68	16.35	5	16.28	14.8	NA	39.95	5.55	21.38	0.823	16.23	19.72	NA	NA	illumina	Bjorndalen	Vestpynten	nutrient-rich edge habitat	8684453.5	507521.4	33	NA	NA	NA	NA	163	148009	134	0.102752294	0.417621777	1	7	3	0	11	8	40	3.636363636	0.861111111	-4.1583333	642	-0.121086034	0.013496416	3.305399456	0.671831762	4.05	4.05
2.4.6	30/07/2012	birdcliff	16	3.83	3.64	223.1	1	51.83	16.89	5.58	14.2	4	14.86	15.53	NA	34.1	5.37	20.75	0.587	10.593	18.039	NA	NA	illumina	Bjorndalen	Vestpynten	nutrient-rich edge habitat	8684453.5	507521.4	33	NA	NA	NA	NA	177	170011	137	0.392957746	0.325873046	0	6	0	0	12	7	56	4.666666667	0.65625	-4.1583333	642	-0.085365977	-0.023685705	3.327238899	0.672337913	4.05	4.05
2.4.7	30/07/2012	birdcliff	10.31	3.63	2.75	102.9	1	38.95	20.51	3.92	19.11	4	14.3	11.53	NA	50.03	5.72	17.61	0.459	8.594	18.72	NA	NA	illumina	Bjorndalen	Vestpynten	nutrient-rich edge habitat	8684453.5	507521.4	33	NA	NA	NA	NA	232	140442	183	0.205128205	0.526572529	0	7	4	0	18	9	65	3.611111111	0.755102041	-4.1583333	642	-0.032451345	0.005131223	3.85263562	0.739542348	4.05	4.05
2.4.8	30/07/2012	birdcliff	29.59	3.56	3.7	389.8	1	49.65	10.06	1.51	8.56	3	15.71	23.61	NA	29.92	5.79	21.96	0.249	5.012	20.119	NA	NA	illumina	Bjorndalen	Vestpynten	nutrient-rich edge habitat	8684453.5	507521.4	33	NA	NA	NA	NA	169	97945	148	0.176401869	0.202618328	0	6	0	0	13	8	55	4.230769231	3.25	-4.1583333	642	-0.048474672	-0.032982901	3.637093889	0.73286475	4.05	4.05
2.4.9	30/07/2012	birdcliff	24.3	3.41	3.69	305.8	1	60.05	13.38	1.24	12.54	4	14.48	25	NA	41	5.95	25.95	0.953	21.926	23.013	NA	NA	illumina	Bjorndalen	Vestpynten	nutrient-rich edge habitat	8684453.5	507521.4	33	NA	NA	NA	NA	128	159289	98	0.098883573	0.222814321	0	4	1	0	9	4	37	4.111111111	4.5	-4.1583333	642	-0.104931937	-0.084750494	3.270779778	0.708709505	4.05	4.05
3.1.10	01/08/2012	mine3	10.17	3.68	3.01	112.7	1	41.97	21.45	0	21.45	3	17.59	14.01	0.0886	40.25	5.68	9.61	0.293	6.464	22.055	NA	NA	illumina	Bjorndalen	Mine 3 tailings	nutrient-rich contaminated site	8683176.7	507385.1	33	NA	NA	NA	NA	114	109110	105	0	0.511079342	0	1	1	0	16	8	29	1.8125	6.454545455	-4.1416667	700	-0.21696536	-0.157698345	3.146726517	0.6803773	4.05	4.05
3.1.6	01/08/2012	mine3	8.3	4	3.25	107.9	1	46.18	15.32	0	15.32	3	14.82	16.03	0.0493	39.94	5.51	7.87	0.392	8.945	22.802	NA	NA	illumina	Bjorndalen	Mine 3 tailings	nutrient-rich contaminated site	8683176.7	507385.1	33	NA	NA	NA	NA	143	110003	120	0	0.331745344	2	0	10	1	19	6	27	1.421052632	0.387096774	-4.1416667	700	-0.154772105	-0.060451629	3.304485949	0.691441842	4.05	4.05
3.1.7	01/08/2012	mine3	12.82	4.78	3.69	226.1	1	40.6	26.91	6.94	21.14	3	17.64	18.84	0.115	43.53	5.75	6.98	0.229	4.539	19.83	NA	NA	illumina	Bjorndalen	Mine 3 tailings	nutrient-rich contaminated site	8683176.7	507385.1	33	NA	NA	NA	NA	123	108826	101	0.328287606	0.662807882	1	0	7	2	26	1	21	0.807692308	0.61	-4.1416667	700	-0.191672373	-0.114303898	2.957928753	0.643710904	4.05	4.05
3.1.8	01/08/2012	mine3	6.19	3.62	3.27	73.3	2	44.62	23.87	0	23.87	5	14.21	11.21	0.0167	41.13	4.15	6.98	0.145	4.027	27.835	NA	NA	illumina	Bjorndalen	Mine 3 tailings	nutrient-rich contaminated site	8683176.7	507385.1	33	NA	NA	NA	NA	103	82961	95	0	0.5349619	0	0	5	10	7	5	14	2	4.6	-4.1416667	700	-0.160151232	-0.048626685	2.632722486	0.579474283	4.05	4.05
3.1.9	01/08/2012	mine3	13.01	3.8	4.31	213.1	1	70.54	27.07	9.73	21.27	4	15.84	19.46	0.0654	39.97	4.89	10.25	0.269	7.779	28.962	NA	NA	illumina	Bjorndalen	Mine 3 tailings	nutrient-rich contaminated site	8683176.7	507385.1	33	NA	NA	NA	NA	168	86266	157	0.45745181	0.383753898	3	11	4	2	31	8	37	1.193548387	0.114285714	-4.1416667	700	-0.17259018	-0.126208682	3.198105782	0.630926459	4.05	4.05
3.2.10	01/08/2012	mine3	16.6	3.87	4.01	257.6	1	34.22	16.95	0	16.95	3	13.39	14.1	0.1408	32.86	5.77	3.92	0.073	1.645	22.407	NA	NA	illumina	Bjorndalen	Mine 3 tailings	nutrient-rich contaminated site	8683180.5	507398.3	33	NA	NA	NA	NA	131	28610	126	0	0.495324372	5	6	10	2	25	11	44	1.76	0.688	-4.1416667	700	-0.284407546	0.140940421	3.348548341	0.687935211	4.05	4.05
3.2.6	01/08/2012	mine3	8.41	3.17	2.68	71.4	1	30.03	14.24	0	14.24	2	9.44	9.69	0.0748	36.16	5.76	6.72	0.155	3.788	24.513	NA	NA	illumina	Bjorndalen	Mine 3 tailings	nutrient-rich contaminated site	8683180.5	507398.3	33	NA	NA	NA	NA	108	118569	90	0	0.474192474	0	2	5	0	10	7	28	2.8	3.238095238	-4.1416667	700	-0.156109767	0.032793768	3.099429825	0.685443331	4.05	4.05
3.2.7	01/08/2012	mine3	8.79	2.75	2.96	71.6	1	34.66	22.14	4.67	17.19	5	10.21	13.51	0.0527	39.33	5.71	12.6	0.551	20.4	37.007	NA	NA	illumina	Bjorndalen	Mine 3 tailings	nutrient-rich contaminated site	8683180.5	507398.3	33	NA	NA	NA	NA	108	97540	93	0.271669575	0.638776688	2	6	6	2	8	4	24	3	0.659793814	-4.1416667	700	-0.132943271	-0.043848645	2.536601091	0.563712974	4.05	4.05
3.2.8	01/08/2012	mine3	10.05	4.08	3	123	1	37.5	17.64	3.17	15.39	4	12.52	13.5	0.0418	40.79	5.72	7.23	0.18	3.75	20.825	NA	NA	illumina	Bjorndalen	Mine 3 tailings	nutrient-rich contaminated site	8683180.5	507398.3	33	NA	NA	NA	NA	96	49843	87	0.205977908	0.4704	2	6	8	2	14	6	36	2.571428571	3.392857143	-4.1416667	700	-0.156243952	0.247610995	1.906829902	0.422719861	4.05	4.05
3.2.9	01/08/2012	mine3	13.7	3.96	5	271.3	1	43.59	23.24	0	23.24	3	14.1	17.76	0.1289	51.74	5.79	7.16	0.18	4.408	24.443	NA	NA	illumina	Bjorndalen	Mine 3 tailings	nutrient-rich contaminated site	8683180.5	507398.3	33	NA	NA	NA	NA	158	69132	145	0	0.533149805	2	9	12	3	13	16	45	3.461538462	2.52173913	-4.1416667	700	-0.17324673	0.142096958	3.095003273	0.626310649	4.05	4.05
3.3.10	01/08/2012	mine3	15.14	4.91	4.48	333	1	44.17	21.23	0	21.23	4	17.82	23.03	0.0747	45.76	5.74	16.12	0.136	3.028	22.311	NA	NA	illumina	Bjorndalen	Mine 3 tailings	nutrient-rich contaminated site	8683267.8	507378.1	33	NA	NA	NA	NA	170	106398	149	0	0.48064297	0	0	5	3	28	3	54	1.928571429	1.111111111	-4.1416667	700	-0.211439756	-0.10435149	3.565207642	0.709652156	4.05	4.05
3.3.6	01/08/2012	mine3	4.93	3.16	3.93	61.2	1	27.98	12.97	3.61	10.45	4	6.5	9.03	0.0466	50.78	5.67	6.44	0.187	4.893	26.213	NA	NA	illumina	Bjorndalen	Mine 3 tailings	nutrient-rich contaminated site	8683267.8	507378.1	33	NA	NA	NA	NA	81	67890	75	0.345454545	0.46354539	2	0	2	1	17	5	38	2.235294118	9.9	-4.1416667	700	-0.5144678	-0.06929946	2.335762317	0.537722594	4.05	4.05
3.3.7	01/08/2012	mine3	11.33	4.08	5.01	231.6	2	24.54	4.51	0	24.54	5	13.21	16.77	0.067	14.61	5.91	6.03	0.143	3.208	22.462	NA	NA	illumina	Bjorndalen	Mine 3 tailings	nutrient-rich contaminated site	8683267.8	507378.1	33	NA	NA	NA	NA	77	59251	69	0	0.183781581	2	1	1	0	13	2	32	2.461538462	12.71428571	-4.1416667	700	-0.507545134	-0.141494494	2.829576398	0.663802228	4.05	4.05
3.3.8	01/08/2012	mine3	7.58	3.49	3.32	87.8	1	35.31	15.87	0	15.87	4	10.51	11.47	0.0982	49.92	5.77	8.26	0.233	4.058	17.395	NA	NA	illumina	Bjorndalen	Mine 3 tailings	nutrient-rich contaminated site	8683267.8	507378.1	33	NA	NA	NA	NA	56	30567	53	0	0.449447749	0	0	1	1	11	3	23	2.090909091	18.2	-4.1416667	700	-0.408881098	-0.101081508	2.429281017	0.606208894	4.05	4.05
3.3.9	01/08/2012	mine3	9.98	4.33	4.35	188	2	44.59	19.14	3.71	14.16	4	17.16	15.46	0.1424	75	5.83	7.67	0.258	4.382	16.958	NA	NA	illumina	Bjorndalen	Mine 3 tailings	nutrient-rich contaminated site	8683267.8	507378.1	33	NA	NA	NA	NA	77	39488	74	0.26200565	0.429244225	0	1	4	0	15	2	32	2.133333333	0.893258427	-4.1416667	700	-0.438294448	0.07577238	2.614725622	0.611393443	4.05	4.05
3.4.10	01/08/2012	mine3	9.96	2.76	2.41	66.2	1	51.11	20.6	5.87	14.19	3	15.94	28.76	0.0514	45.04	5.61	2.69	0.073	2.295	31.332	NA	NA	illumina	Bjorndalen	Mine 3 tailings	nutrient-rich contaminated site	8683260.4	507385.7	33	NA	NA	NA	NA	191	147414	156	0.4136716	0.40305224	2	8	3	0	29	11	45	1.551724138	1.814814815	-4.1416667	700	-0.14078085	-0.013277815	3.652843782	0.712894118	4.05	4.05
3.4.6	01/08/2012	mine3	13.9	4.81	4.84	323.6	1	73.07	23.47	9.06	13.84	4	19	26.95	0.1161	68.22	4.15	9.05	0.248	4.456	17.969	NA	NA	illumina	Bjorndalen	Mine 3 tailings	nutrient-rich contaminated site	8683260.4	507385.7	33	NA	NA	NA	NA	141	72861	130	0.654624277	0.32119885	0	0	3	15	25	11	19	0.76	0.02688172	-4.1416667	700	-0.146068892	0.026390472	3.486158817	0.717344318	4.05	4.05
3.4.7	01/08/2012	mine3	9.58	4.22	5.6	226.4	1	41.12	19.94	6.21	15.55	4	18.54	20.42	0.0541	38.12	4.69	8.94	0.2	4.653	23.309	NA	NA	illumina	Bjorndalen	Mine 3 tailings	nutrient-rich contaminated site	8683260.4	507385.7	33	NA	NA	NA	NA	161	73221	151	0.399356913	0.484922179	0	3	4	13	27	10	28	1.037037037	0.007142857	-4.1416667	700	-0.057601165	0.081044472	3.259460177	0.653141811	4.05	4.05
3.4.8	01/08/2012	mine3	7.28	3.28	3.85	91.9	1	41.52	20.48	3.03	16.09	3	11.53	16.15	0.043	42.01	4.31	7.73	0.193	3.672	18.992	NA	NA	illumina	Bjorndalen	Mine 3 tailings	nutrient-rich contaminated site	8683260.4	507385.7	33	NA	NA	NA	NA	124	41804	121	0.188315724	0.493256262	2	2	4	11	25	4	20	0.8	0.016304348	-4.1416667	700	-0.117473599	0.028814478	3.601687394	0.75231198	4.05	4.05
3.4.9	01/08/2012	mine3	15.3	4.59	3.95	277.4	1	59.91	24.54	11.59	15.54	4	22.01	23.26	0.0545	41.78	4.7	9.46	0.353	6.977	19.79	NA	NA	illumina	Bjorndalen	Mine 3 tailings	nutrient-rich contaminated site	8683260.4	507385.7	33	NA	NA	NA	NA	160	108475	141	0.745817246	0.409614422	2	1	5	13	24	3	37	1.541666667	0.074074074	-4.1416667	700	0.035478925	0.080019966	3.5776785	0.722944451	4.05	4.05
A1a	28/08/2012	fences	16.71	4.76	4.3	342	1	41.13	26.77	0	26.77	4	23.79	12.25	0.1048	50.83	5.54	12.49	0.36	5.28	14.58307918	30.96	261.2	illumina	Adventdalen	Snow fences	Snow fence experiment	8677731	523739	33	Deep	Heath	B1	F1	198	146744	164	0	0.650863117	2	9	4	0	15	14	79	5.266666667	4.730769231	-4.35625	752	0.013604166	0.203784964	3.645053953	0.714735181	3.85	3.85
A1b	28/08/2012	fences	13.03	4.83	3.8	239.2	1	59.66	29.32	3.89	24.93	5	18.43	9.77	0.1169	67.28	5.74	17.14	0.44	7.45	16.95775347	39.76	283.4	illumina	Adventdalen	Snow fences	Snow fence experiment	8677731	523739	33	Deep	Heath	B1	F1	208	178558	172	0.156036903	0.491451559	1	13	14	0	18	15	64	3.555555556	5.157894737	-4.35625	752	-0.087161373	0.291208551	3.509290029	0.677973051	3.85	3.85
A1e	28/08/2012	fences	14.18	4.33	6.2	380.7	1	44.36	17.77	4.6	12.29	5	21.36	20.31	0.0797	57.62	5.96	15.88	0.47	8.15	17.45070054	29.18	267.2	illumina	Adventdalen	Snow fences	Snow fence experiment	8677705	523752	33	Control	Heath	B1	F1	211	180633	181	0.374288039	0.400586114	3	19	9	0	28	7	52	1.857142857	0.339622642	-4.35625	752	0.095559103	0.23156842	3.922731856	0.754589612	3.85	3.85
A1f	28/08/2012	fences	22.95	4.96	4.3	489.5	1	102.97	33.04	4.04	30.04	4	17.54	12.22	0.1385	95.87	6.11	17.68	0.4	6.31	15.86576292	38.49	233.2	illumina	Adventdalen	Snow fences	Snow fence experiment	8677705	523752	33	Control	Heath	B1	F1	207	148241	179	0.13448735	0.320870156	2	24	11	0	24	12	71	2.958333333	0.670588235	-4.35625	752	0.084296139	0.181096728	3.657119972	0.70201165	3.85	3.85
A2a	28/08/2012	fences	19.69	6.07	4.21	503.2	1	52.03	17.62	0	17.62	6	16.98	7.51	0.1442	59.9	5.65	14.5	0.41	5.67	13.87525583	39.95	270.1	illumina	Adventdalen	Snow fences	Snow fence experiment	8677731	523739	33	Deep	Heath	B1	F2	249	125369	220	0	0.338650778	1	20	7	4	20	25	87	4.35	2.972972973	-4.35625	752	-0.051808355	0.307473734	4.098768306	0.759927947	3.85	3.85
A2b	28/08/2012	fences	13.23	4.75	4.3	270.2	2	35.18	19.91	3.94	16.88	10	15.85	7.01	0.1502	51.53	5.48	10.37	0.53	9.6	18.08926345	48.2	208.7	illumina	Adventdalen	Snow fences	Snow fence experiment	8677731	523739	33	Deep	Heath	B1	F2	201	145934	175	0.233412322	0.565946561	0	17	3	1	22	15	79	3.590909091	1.025252525	-4.35625	752	-0.189795241	0.176895154	3.457544251	0.668708046	3.85	3.85
A2e	28/08/2012	fences	11.5	4.65	2.75	147.1	1	32.9	14.57	3.77	11.94	3	16.45	15.17	0.1751	48.27	6.01	19.29	0.4	6.17	15.58522023	38.71	390	illumina	Adventdalen	Snow fences	Snow fence experiment	8677705	523752	33	Control	Heath	B1	F2	200	199491	164	0.315745394	0.442857143	2	14	6	0	26	11	75	2.884615385	5.896551724	-4.35625	752	-0.105617254	0.160938101	3.447423098	0.674380151	3.85	3.85
A2f	28/08/2012	fences	17.14	4.81	4.22	347.9	2	35.71	9.43	2.47	7.68	4	19.85	16.1	0.1274	64.08	5.85	9.58	0.4	5.92	14.67815694	37.1	270.4	illumina	Adventdalen	Snow fences	Snow fence experiment	8677705	523752	33	Control	Heath	B1	F2	165	72994	153	0.321614583	0.264071689	0	17	6	0	26	11	53	2.038461538	1.489130435	-4.35625	752	0.038698581	0.288036652	3.187946651	0.632099531	3.85	3.85
A3a	28/08/2012	fences	16.67	5.53	5.12	472	2	75.82	33.52	4.34	29.97	6	22.4	16.7	0.2945	64.67	5.87	11.4	0.41	5.18	12.74801421	20.32	151.7	illumina	Adventdalen	Snow fences	Snow fence experiment	8677736	523842	33	Deep	Heath	B1	F3	163	117392	146	0.144811478	0.44209971	0	8	6	0	32	12	61	1.90625	6.366666667	-4.35625	752	-0.053267648	0.116319715	3.002623298	0.603332116	3.85	3.85
A3b	28/08/2012	fences	19.16	4.81	2.81	259	2	60.08	24.17	5.16	19.48	7	27.11	16.38	0.1068	54.31	5.9	9.61	0.29	3.68	12.57902026	25.12	140.9	illumina	Adventdalen	Snow fences	Snow fence experiment	8677736	523842	33	Deep	Heath	B1	F3	147	120860	126	0.264887064	0.402296937	3	8	9	0	30	10	41	1.366666667	2.450704225	-4.35625	752	-0.041657745	0.140988487	3.374639623	0.691127692	3.85	3.85
A3e	28/08/2012	fences	10.88	4.56	3.71	184.1	1	39.59	16.57	0	16.57	4	8.38	10.33	0.1266	54.74	6.06	9.56	0.27	4.16	15.219985	16.77	214.1	illumina	Adventdalen	Snow fences	Snow fence experiment	8677718	523854	33	Control	Heath	B1	F3	126	97933	112	0	0.418540035	1	8	7	0	19	10	43	2.263157895	4.487179487	-4.35625	752	-0.130420599	0.254097219	2.959730872	0.626081673	3.85	3.85
A3f	28/08/2012	fences	12.06	4.86	3.81	223.3	1	55	16.48	0	16.48	4	19.24	18.33	0.1279	86.55	6.08	10.91	0.35	5.14	14.83860759	17.38	215.8	illumina	Adventdalen	Snow fences	Snow fence experiment	8677718	523854	33	Control	Heath	B1	F3	214	109357	191	0	0.299636364	2	16	9	2	34	15	73	2.147058824	0.832258065	-4.35625	752	0.166432271	0.18735913	3.545121945	0.674969038	3.85	3.85
B4a	30/08/2012	fences	15.15	4.94	3.56	266.4	1	42.19	14.86	0	14.86	4	14.08	8.55	0.0913	52.85	5.38	16.86	0.64	8.04	12.58375874	27.9	266.1	illumina	Adventdalen	Snow fences	Snow fence experiment	8677301	524025	33	Deep	Heath	B2	F4	211	147487	182	0	0.352216165	3	16	17	2	26	23	51	1.961538462	0.136986301	-4.35625	752	-0.106771887	0.308986963	3.283347023	0.632269267	3.85	3.85
B4b	30/08/2012	fences	17.58	4.78	3.91	328.6	1	49.85	18.99	3.83	16.23	5	16.6	9.84	0.1132	56.26	5.41	17.17	0.55	6.87	12.46168126	39.76	204	illumina	Adventdalen	Snow fences	Snow fence experiment	8677301	524025	33	Deep	Heath	B2	F4	173	93274	156	0.235982748	0.380942828	0	19	11	0	16	14	53	3.3125	7.4375	-4.35625	752	0.019869782	0.327555356	3.563956627	0.703978217	3.85	3.85
B4e	30/08/2012	fences	16.96	4.89	3.28	272	1	57.87	20.09	0	20.09	6	13.53	9.47	0.1165	86.59	6.07	20.57	0.57	8.52	14.89985092	45.55	375	illumina	Adventdalen	Snow fences	Snow fence experiment	8677312	524049	33	Control	Heath	B2	F4	171	109398	150	0	0.347157422	0	12	10	2	21	13	44	2.095238095	0.44	-4.35625	752	0.111447799	0.337170828	3.732747932	0.743978421	3.85	3.85
B4f	30/08/2012	fences	12.21	4.54	3.51	194.6	2	73.18	25	5.17	21.7	5	22.02	12.04	0.1081	52.13	6.31	18.07	0.53	9.06	17.22811106	29.96	273.5	illumina	Adventdalen	Snow fences	Snow fence experiment	8677312	524049	33	Control	Heath	B2	F4	211	87826	188	0.238248848	0.341623394	2	14	9	2	30	13	68	2.266666667	1.03960396	-4.35625	752	0.011259268	0.329043072	3.744944631	0.713014028	3.85	3.85
B5a	30/08/2012	fences	14.57	4.89	3.33	237.3	1	49.08	22.37	9.9	12.69	4	12.66	12.1	0.1786	67.37	5.95	19.57	0.54	7.03	12.91871922	28.16	207.5	illumina	Adventdalen	Snow fences	Snow fence experiment	8677197	523952	33	Deep	Heath	B2	F5	186	110150	163	0.780141844	0.455786471	4	14	6	8	22	16	34	1.545454545	1.056122449	-4.35625	752	0.01108817	0.352576851	3.708912355	0.729899077	3.85	3.85
B5b	30/08/2012	fences	13.03	3.41	2.32	103.1	1	43.15	16.41	0	16.41	4	13.37	7.86	0.0939	62.93	6.07	19.85	0.61	8.47	13.88083626	26.93	259.2	illumina	Adventdalen	Snow fences	Snow fence experiment	8677197	523952	33	Deep	Heath	B2	F5	140	82016	127	0	0.380301275	3	7	8	2	17	12	43	2.529411765	2.348484848	-4.35625	752	0.246361451	0.444036717	3.239306803	0.67089816	3.85	3.85
B5e	30/08/2012	fences	16.71	4.39	3.09	226.7	1	34.05	14.43	0	14.43	2	19.08	19.52	0.1848	57.65	6.49	10.96	0.31	5.03	16.47636359	19.52	121.6	illumina	Adventdalen	Snow fences	Snow fence experiment	8677196	523976	33	Control	Heath	B2	F5	120	120843	112	0	0.423788546	2	2	3	11	19	10	39	2.052631579	1.474747475	-4.35625	752	0.1014449	0.471160742	2.243086007	0.471871978	3.85	3.85
B5f	30/08/2012	fences	14.71	4.81	2.58	182.5	1	26.35	14.67	0	14.67	1	19.36	14.51	0.1207	51.52	6.33	12.9	0.37	5.53	14.93837647	24.66	200.5	illumina	Adventdalen	Snow fences	Snow fence experiment	8677196	523976	33	Control	Heath	B2	F5	183	96891	158	0	0.556736243	2	12	9	3	31	19	41	1.322580645	2.19047619	-4.35625	752	0.298785572	0.465375978	3.481268066	0.684265778	3.85	3.85
B6a	30/08/2012	fences	12.86	4.63	3.86	229.8	1	37.63	19.86	6.13	13.25	5	17.82	6.7	0.1653	65.94	6.44	10.92	0.29	4.5	15.27661397	19.73	196.2	illumina	Adventdalen	Snow fences	Snow fence experiment	8677185	524022	33	Deep	Heath	B2	F6	197	88318	182	0.462641509	0.527770396	0	17	14	4	28	11	63	2.25	0.71641791	-4.35625	752	0.261699707	0.372747102	3.27062481	0.625867462	3.85	3.85
B6b	30/08/2012	fences	16.99	3.99	2.75	186.4	1	30.17	13.32	3.57	8.91	3	9.04	10.41	0.1618	49.06	6.34	25.58	0.67	11.36	16.90796767	50.16	546	illumina	Adventdalen	Snow fences	Snow fence experiment	8677185	524022	33	Deep	Heath	B2	F6	181	154423	148	0.400673401	0.441498177	2	12	5	2	20	16	59	2.95	0.853503185	-4.35625	752	0.173121363	0.395598744	3.422092722	0.681165228	3.85	3.85
B6e	30/08/2012	fences	14.6	5.14	3.9	292.7	1	38.12	19.37	3	17.91	5	19.01	11.48	0.2492	60.81	6.35	11.95	0.37	5.09	13.85061958	25.38	198.3	illumina	Adventdalen	Snow fences	Snow fence experiment	8677200	524022	33	Control	Heath	B2	F6	90	150733	67	0.167504188	0.508132214	0	5	6	4	9	6	29	3.222222222	65	-4.35625	752	0.064285497	0.552412734	1.686038316	0.388147754	3.85	3.85
B6f	30/08/2012	fences	17.13	4.74	3.57	289.9	1	30	10.58	3.18	8.86	5	9.54	8.6	0.1476	72.4	6.12	22.17	0.65	10.86	16.58547789	49.24	299.8	illumina	Adventdalen	Snow fences	Snow fence experiment	8677200	524022	33	Control	Heath	B2	F6	166	190140	140	0.358916479	0.352666667	0	10	10	3	16	12	45	2.8125	1.714285714	-4.35625	752	0.274161675	0.417994099	3.295519854	0.670822586	3.85	3.85
C7a	28/08/2012	fences	13.72	6.38	5.39	471.8	2	82.41	31.16	12.36	22.73	7	34.25	16.99	0.12	41.44	5.09	8.48	0.25	4.58	18.0873173	21.4	136	illumina	Adventdalen	Snow fences	Snow fence experiment	8677806	524408	33	Deep	Medow	B3	F7	177	265645	136	0.543774747	0.378109453	2	14	10	0	16	21	30	1.875	0.966019417	-4.35625	752	0.280069742	0.390112941	2.929389207	0.597191664	3.85	3.85
C7b	28/08/2012	fences	16.03	7.07	2.5	283.3	1	78.64	33.31	3.58	30.24	5	22.71	15.05	0.0688	23.22	4.69	13.84	0.36	5.44	14.97391467	35.38	449	illumina	Adventdalen	Snow fences	Snow fence experiment	8677806	524408	33	Deep	Medow	B3	F7	109	129884	91	0.118386243	0.423575788	0	10	7	0	20	9	26	1.3	1.925925926	-4.35625	752	0.145250312	0.259724784	2.382247781	0.528113939	3.85	3.85
C7e	28/08/2012	fences	10.84	3.84	3.4	141.5	1	14.19	17.66	0	17.66	3	14.86	10.56	0.0515	27.83	5.08	11.36	0.28	4.43	15.95435678	32.3	168.1	illumina	Adventdalen	Snow fences	Snow fence experiment	8677791	524421	33	Control	Medow	B3	F7	175	194398	150	0	1.244538407	0	13	8	1	13	10	57	4.384615385	0.617801047	-4.35625	752	0.177341021	0.479812736	3.417734858	0.682096113	3.85	3.85
C7f	28/08/2012	fences	15.22	4.44	3.94	266.3	2	49.42	18	4.96	13.46	5	20.77	11.41	0.1279	60.02	5.19	10.17	0.22	3.78	17.46556669	19.85	102.5	illumina	Adventdalen	Snow fences	Snow fence experiment	8677791	524421	33	Control	Medow	B3	F7	153	89598	140	0.368499257	0.36422501	2	18	7	1	12	7	59	4.916666667	0.364640884	-4.35625	752	0.116974031	0.352294528	3.727471166	0.756500762	3.85	3.85
C8a	28/08/2012	fences	13.55	3.82	3.25	168.2	2	53.98	17.88	3.48	14.03	3	9.71	30.16	0.0728	35.71	5.36	15.01	0.38	6.11	15.99919218	34.29	162.3	illumina	Adventdalen	Snow fences	Snow fence experiment	8677857	524440	33	Deep	Medow	B3	F8	200	105428	176	0.248039914	0.33123379	1	8	12	1	18	15	79	4.388888889	3.069767442	-4.35625	752	0.05820919	0.237987816	3.70140498	0.714310998	3.85	3.85
C8b	28/08/2012	fences	10.25	4.39	3.47	156.1	2	22.7	4.56	0	4.56	3	14.96	9.17	0.0791	43.73	5.04	10.89	0.26	4.23	16.35987182	29.45	102	illumina	Adventdalen	Snow fences	Snow fence experiment	8677857	524440	33	Deep	Medow	B3	F8	167	107824	146	0	0.200881057	0	8	8	0	23	11	58	2.52173913	0.652694611	-4.35625	752	0.084602374	0.308901872	3.897415471	0.774766637	3.85	3.85
C8e	28/08/2012	fences	11.76	4.79	3.09	174.1	1	36.02	10.59	2.98	8.4	3	13.3	14.12	0.0546	39.12	4.77	12.37	0.37	5.52	14.99130403	29.71	152.7	illumina	Adventdalen	Snow fences	Snow fence experiment	8677844	524449	33	Control	Medow	B3	F8	150	77120	140	0.354761905	0.294003331	0	8	12	4	29	9	51	1.75862069	0.71978022	-4.35625	752	0.290014944	0.389295857	3.387536025	0.680674555	3.85	3.85
C8f	28/08/2012	fences	16.06	4.92	3.68	290.8	1	46.93	18.99	3.24	15.91	5	13.17	17.59	0.1289	50.48	4.54	10.46	0.24	3.88	16.12697615	41.98	240.7	illumina	Adventdalen	Snow fences	Snow fence experiment	8677844	524449	33	Control	Medow	B3	F8	191	80692	175	0.203645506	0.404645216	0	10	12	1	30	12	83	2.766666667	0.603448276	-4.35625	752	0.084887125	0.266156579	3.909060869	0.757708658	3.85	3.85
C9a	28/08/2012	fences	11.05	3.34	2.02	74.6	1	35.48	19.69	2.68	16.44	2	11.78	9.63	0.0814	71.72	5.33	10.48	0.16	3	19.1176712	14.76	87.8	illumina	Adventdalen	Snow fences	Snow fence experiment	8677748	524513	33	Deep	Medow	B3	F9	127	101943	112	0.163017032	0.554960541	0	6	8	4	14	10	47	3.357142857	1.941860465	-4.35625	752	-0.115399693	0.281378072	2.5881885	0.54851947	3.85	3.85
C9b	28/08/2012	fences	16.13	4.73	3.5	267	1	33.03	14.16	2.15	12.08	4	19.12	11.31	0.1438	85.52	4.92	13.44	0.4	6.14	15.20833481	39.16	282	illumina	Adventdalen	Snow fences	Snow fence experiment	8677748	524513	33	Deep	Medow	B3	F9	127	67876	121	0.177980132	0.428701181	0	7	8	0	16	16	40	2.5	1.1640625	-4.35625	752	0.172947855	0.304061499	3.202624773	0.670128064	3.85	3.85
C9e	28/08/2012	fences	7.77	3.74	3.26	94.7	1	55.63	23.24	1.76	21.97	3	15.52	6.59	0.0656	48.8	5.36	18.9	0.36	6.01	16.67131526	49.46	154.8	illumina	Adventdalen	Snow fences	Snow fence experiment	8677731	524517	33	Control	Medow	B3	F9	141	75109	131	0.08010924	0.417760201	0	10	10	0	23	14	42	1.826086957	1.966101695	-4.35625	752	0.129253389	0.308698394	3.274275598	0.669538209	3.85	3.85
C9f	28/08/2012	fences	9.13	3.78	3.2	110.4	1	34.12	12	0	12	3	12.38	4.62	0.1068	57.66	5.15	11.03	0.29	4.44	15.2282465	35.89	140.1	illumina	Adventdalen	Snow fences	Snow fence experiment	8677731	524517	33	Control	Medow	B3	F9	96	105633	84	0	0.351699883	0	8	10	2	12	6	28	2.333333333	3.97826087	-4.35625	752	0.19784119	0.230012035	2.434634009	0.546574806	3.85	3.85
D10a	30/08/2012	fences	20.3	4.62	2.89	271	1	59.24	20.45	4.11	16.05	4	14.87	20.02	0.0738	64.32	5.1	11.74	0.3	4.71	15.52918731	40.59	256.2	illumina	Adventdalen	Snow fences	Snow fence experiment	8677950	524743	33	Deep	Medow	B4	F10	135	142644	122	0.256074766	0.345205942	0	11	4	0	15	13	46	3.066666667	0.985507246	-4.35625	752	0.160530898	0.252128376	3.259938432	0.677434236	3.85	3.85
D10b	30/08/2012	fences	11.35	4.45	3.67	185.4	1	44.69	20.42	3.42	17.41	4	20.06	12.59	0.0912	75.24	5.08	10.32	0.28	4.13	14.98596402	37.5	157.9	illumina	Adventdalen	Snow fences	Snow fence experiment	8677950	524743	33	Deep	Medow	B4	F10	149	59212	141	0.196438828	0.456925487	0	18	8	3	28	9	49	1.75	1.004901961	-4.35625	752	-0.028200653	0.237900813	3.70572163	0.748818232	3.85	3.85
D10e	30/08/2012	fences	10.31	4.14	3.07	131	1	53.13	16.55	2.93	13.59	2	13.18	4.39	0.0943	43.9	5.63	10.74	0.24	3.87	15.95592675	38.02	139.3	illumina	Adventdalen	Snow fences	Snow fence experiment	8677941	524743	33	Control	Medow	B4	F10	129	76826	123	0.215599706	0.311500094	0	12	5	0	20	6	61	3.05	1.255555556	-4.35625	752	0.194758658	0.06002677	3.409105145	0.707241911	3.85	3.85
D10f	30/08/2012	fences	8.59	3.33	3.07	87.8	1	43	15.1	3.28	11.41	7	12.57	5.88	0.1525	47.85	5.42	12.79	0.44	6.66	15.11256355	42.31	138.4	illumina	Adventdalen	Snow fences	Snow fence experiment	8677941	524743	33	Control	Medow	B4	F10	138	48854	129	0.287467134	0.351162791	0	17	3	0	29	11	33	1.137931034	0.197368421	-4.35625	752	0.058380985	0.1707167	3.374207888	0.692117193	3.85	3.85
D11a	30/08/2012	fences	10.68	3.94	1.92	80.8	1	45.13	19.56	2.14	16.8	5	20.28	16.51	0.2523	83.63	5.18	14.06	0.32	4.76	14.99764345	38.81	158.2	illumina	Adventdalen	Snow fences	Snow fence experiment	8677914	524742	33	Deep	Medow	B4	F11	187	77419	167	0.127380952	0.43341458	1	14	4	0	26	15	66	2.538461538	0.522875817	-4.35625	752	0.083396153	0.102512652	3.861315518	0.754458809	3.85	3.85
D11b	30/08/2012	fences	13.88	3.71	3.2	164.8	1	50.24	16.24	3	12.49	5	14.11	9.25	0.0855	64.67	5.41	14.28	0.39	6.08	15.68098771	42.01	152.7	illumina	Adventdalen	Snow fences	Snow fence experiment	8677914	524742	33	Deep	Medow	B4	F11	165	98112	151	0.240192154	0.323248408	0	19	7	0	21	11	63	3	0.631067961	-4.35625	752	0.039717868	0.102079502	3.940874268	0.782392565	3.85	3.85
D11e	30/08/2012	fences	11.43	3.85	2.85	125.4	2	40.41	15.21	0	15.21	5	10.39	3.66	0.094	36.62	5.34	11.69	0.32	4.5	13.8534657	39.03	107.2	illumina	Adventdalen	Snow fences	Snow fence experiment	8677894	524749	33	Control	Medow	B4	F11	115	68542	105	0	0.376391982	0	9	1	0	16	3	57	3.5625	1.625	-4.35625	752	0.164658628	-0.043226031	3.425816382	0.731678848	3.85	3.85
D11f	30/08/2012	fences	14.82	5.24	3.15	244.6	1	51.6	18.35	3.39	13.87	3	18.89	16.16	0.2298	83.89	5.19	12.89	0.3	4.12	13.77918743	39.89	285.9	illumina	Adventdalen	Snow fences	Snow fence experiment	8677894	524749	33	Control	Medow	B4	F11	155	133584	137	0.244412401	0.355620155	3	18	5	0	31	10	39	1.258064516	0.841666667	-4.35625	752	0.086880732	-0.060615937	3.644249346	0.733276911	3.85	3.85
D12a	30/08/2012	fences	12.04	5.55	4.35	290.7	1	86.03	33.55	5.84	29.21	4	29.31	21.68	0.1348	65.04	5.65	13.03	0.28	4.86	17.6427156	35.71	262.7	illumina	Adventdalen	Snow fences	Snow fence experiment	8677962	524775	33	Deep	Medow	B4	F12	178	141514	161	0.19993153	0.389980239	0	23	3	0	41	13	65	1.585365854	0.771084337	-4.35625	752	0.151099835	-0.084293686	4.074504685	0.795186052	3.85	3.85
D12b	30/08/2012	fences	14.21	4.4	3.21	200.7	1	59.46	24.49	6.25	18.66	5	21.06	14.12	0.0994	76.42	5.63	10.39	0.26	3.62	14.13239288	30.68	130.1	illumina	Adventdalen	Snow fences	Snow fence experiment	8677962	524775	33	Deep	Medow	B4	F12	157	114938	136	0.33494105	0.411873528	0	20	12	0	35	4	42	1.2	0.487179487	-4.35625	752	-0.016780043	-0.078007589	3.617638524	0.724914817	3.85	3.85
HB1	12/07/2012	LSP20	17.4	5.93	2.05	211.5	1	35.5	20.38	4.97	15.2	4	22.4	16.36	0.4659	90.8	7.43	1.326	0.01	2.1876	218.7575	NA	NA	illumina	Petuniabukta	Horbyebreen	Inner part of Glacier foreland	8741409	531508	33	NA	NA	NA	NA	128	54170	119	0.326973684	0.574084507	4	4	2	0	46	1	30	0.652173913	1.6	-5.3916667	531	-0.296379434	-0.398548013	2.55104935	0.535690083	2.95	2.75
HB10	12/07/2012	LSP20	21.34	4.05	1.17	101.1	1	24.95	10.33	1.62	8.95	3	15.09	19.66	0.1101	63.56	7.53	2.333	0.0255	1.5013	58.8374	NA	NA	illumina	Petuniabukta	Horbyebreen	Inner part of Glacier foreland	8741248	531557	33	NA	NA	NA	NA	135	47164	131	0.181005587	0.414028056	2	6	0	0	51	5	34	0.666666667	1.082191781	-5.3916667	531	-0.281195277	-0.378441828	2.464876554	0.507195823	2.95	2.75
HB2	12/07/2012	LSP20	15.14	4.28	1.67	108.2	2	45.32	18.35	4.22	10.87	7	28.7	31.48	0.6295	90.87	7.54	1.415	0.0404	1.8508	45.7638	NA	NA	illumina	Petuniabukta	Horbyebreen	Inner part of Glacier foreland	8741411	531508	33	NA	NA	NA	NA	160	85467	143	0.388224471	0.4048985	8	0	2	1	53	0	27	0.509433962	0.532544379	-5.3916667	531	-0.310843169	-0.407494521	2.517252437	0.510883465	2.95	2.75
HB3	12/07/2012	LSP20	23.16	4.06	1.62	152.3	2	26.7	16.32	1.69	17.09	6	34.23	25.65	0.3013	150.01	7.64	1.654	0.1559	1.2833	8.2323	NA	NA	illumina	Petuniabukta	Horbyebreen	Inner part of Glacier foreland	8741287	531533	33	NA	NA	NA	NA	140	21639	140	0.098888239	0.611235955	5	4	1	0	51	0	47	0.921568627	0.299465241	-5.3916667	531	-0.260346415	-0.364252831	3.598124543	0.72812321	2.95	2.75
HB5	12/07/2012	LSP20	11.02	4.27	1.47	69.2	1	43.91	18.26	1	17.52	4	23.92	27.02	0.1628	85.9	7.41	1.721	0.1009	1.2009	11.8997	NA	NA	illumina	Petuniabukta	Horbyebreen	Inner part of Glacier foreland	8741287	531545	33	NA	NA	NA	NA	104	43236	99	0.057077626	0.415850604	2	4	1	0	31	4	20	0.64516129	2.3	-5.3916667	531	-0.319654865	-0.362922515	2.246491819	0.488886447	2.95	2.75
HB6	12/07/2012	LSP20	13.94	3.88	2.53	136.8	1	52.12	14.95	1.88	12.63	4	30.74	37.24	0.3223	172	7.58	1.572	0.0207	1.3854	66.7969	NA	NA	illumina	Petuniabukta	Horbyebreen	Inner part of Glacier foreland	8741282	531562	33	NA	NA	NA	NA	167	140310	139	0.14885194	0.286838066	5	11	1	0	43	4	44	1.023255814	3.54	-5.3916667	531	-0.255995348	-0.282991604	2.351094845	0.475771949	2.95	2.75
HB7	12/07/2012	LSP20	14.17	4.02	1.5	85.4	2	16.53	11.86	NA	11.86	4	16.21	13.51	0.2134	105.41	7.45	1.505	0.0995	1.5625	15.7035	NA	NA	illumina	Petuniabukta	Horbyebreen	Inner part of Glacier foreland	8741256	531584	33	NA	NA	NA	NA	125	58401	112	NA	0.717483364	1	6	0	0	45	5	16	0.355555556	1.179856115	-5.3916667	531	-0.361050884	-0.353780507	2.72878621	0.577229183	2.95	2.75
HB9	12/07/2012	LSP20	13.42	3.28	1.09	48	1	33.91	14.7	1.06	14.07	4	22.59	27.77	0.1659	64.82	7.62	2.436	0.01	1.5025	150.2487	NA	NA	illumina	Petuniabukta	Horbyebreen	Inner part of Glacier foreland	8741256	531584	33	NA	NA	NA	NA	139	61772	128	0.075337598	0.433500442	3	2	0	0	39	8	38	0.974358974	8.136363636	-5.3916667	531	-0.344873734	-0.355476422	2.508153825	0.515282193	2.95	2.75
HC1	08/07/2013	LSP20	12.55	2.32	3.05	88.8	0	NA	NA	NA	NA	1	12.51	14.96	NA	NA	7.16	NA	0.4188	5.6296	13.44317874	NA	NA	illumina	Trollkjeldene	Trollkjeldene	Hotspring_away	8813958	467961	33	NA	NA	NA	NA	172	32467	169	NA	NA	3	10	0	0	63	10	39	0.619047619	0.539393939	-3.5833333	424	-0.230517122	-0.326374678	3.727692024	0.72835024	3.05	3.85
HC2	08/07/2013	LSP20	9.79	6.48	3.72	236	0	NA	NA	NA	NA	6	14.2	10.29	NA	NA	6.75	NA	1.1062	17.7614	16.05582136	NA	NA	illumina	Trollkjeldene	Trollkjeldene	Hotspring_away	8813958	467961	33	NA	NA	NA	NA	161	40412	153	NA	NA	4	5	0	0	40	11	48	1.2	1.666666667	-3.5833333	424	-0.223776866	-0.364599281	3.39857152	0.677373324	3.05	3.85
HC3	08/07/2013	LSP20	21.08	2.81	4.45	263.6	2	42.08	16.79	0.95	15.84	6	19.27	29.97	NA	NA	7.11	NA	0.6201	11.1651	18.00466097	NA	NA	illumina	Trollkjeldene	Trollkjeldene	Hotspring_away	8813958	467961	33	NA	NA	NA	NA	174	48015	162	0.059974747	0.399001901	2	9	1	0	55	4	42	0.763636364	0.661971831	-3.5833333	424	-0.190204881	-0.396321411	3.695759438	0.729104219	3.05	3.85
HC4	08/07/2013	LSP20	24.45	3.45	4.72	398.1	2	38.66	18.15	0	18.15	9	20.63	17.94	NA	NA	7.36	NA	0.9524	15.3834	16.15299985	NA	NA	illumina	Trollkjeldene	Trollkjeldene	Hotspring_away	8813958	467961	33	NA	NA	NA	NA	216	28440	215	0	0.469477496	5	12	3	0	48	12	91	1.895833333	0.591463415	-3.5833333	424	-0.29303638	-0.351603139	4.185860292	0.77872437	3.05	3.85
HC5	08/07/2013	LSP20	27.1	2.41	3.45	225.3	1	43.56	16.08	0	16.08	7	20.75	24.65	NA	NA	7.08	NA	0.4897	12.6394	25.80930906	NA	NA	illumina	Trollkjeldene	Trollkjeldene	Hotspring_away	8813958	467961	33	NA	NA	NA	NA	201	45252	197	0	0.369146006	0	12	2	0	66	6	79	1.196969697	0.553191489	-3.5833333	424	-0.102492347	-0.379938607	3.992100399	0.759316008	3.05	3.85
KB1	27/07/2012	LSP20	19.03	5.88	4.73	529.3	1	22.31	10.17	2.52	9.47	5	26.08	8.93	0.223	67.64	4.76	6.206	0.2169	2.139	9.8623	NA	NA	illumina	East svalbard	Kvalvagen	Hydrocarbon rich site	8604624	577672	33	NA	NA	NA	NA	218	59688	207	0.266103485	0.455849395	3	13	8	6	27	25	74	2.740740741	3.625	-3.9333333	682	-0.278738145	-0.166545535	3.184174459	0.598190586	3.05	3.35
KB2	27/07/2012	LSP20	14.4	3.73	2.84	152.5	1	20.52	12.88	0.91	12.07	5	11.57	14.29	0.1331	41.48	4.64	9.151	0.2414	3.2651	13.526	NA	NA	illumina	East svalbard	Kvalvagen	Hydrocarbon rich site	8604624	577672	33	NA	NA	NA	NA	114	22504	113	0.075393538	0.627680312	2	3	6	0	13	9	48	3.692307692	8.470588235	-3.9333333	682	-0.331230609	-0.211468536	3.681169205	0.777241335	3.05	3.35
KB3	27/07/2012	LSP20	24.35	3.98	3.05	295.6	1	25.65	14.08	1.87	11.96	4	20.13	18.5	0.191	42.41	4.89	6.782	0.1336	2.0622	15.4366	NA	NA	illumina	East svalbard	Kvalvagen	Hydrocarbon rich site	8604624	577672	33	NA	NA	NA	NA	255	90831	234	0.156354515	0.548927875	6	10	9	5	54	6	67	1.240740741	0.461538462	-3.9333333	682	-0.005845074	-0.206986277	3.808577748	0.693864266	3.05	3.35
KB4	27/07/2012	LSP20	15.99	5.09	3.22	262.1	1	24.79	13.44	1.42	13.07	4	17.56	11.79	0.1671	86.46	5.16	6.076	0.2955	2.6243	8.8817	NA	NA	illumina	East svalbard	Kvalvagen	Hydrocarbon rich site	8604624	577672	33	NA	NA	NA	NA	130	21712	130	0.108645754	0.542154094	1	4	5	2	31	6	38	1.225806452	4.352941176	-3.9333333	682	-0.249319564	-0.206129544	3.303163056	0.67861113	3.05	3.35
KB5	27/07/2012	LSP20	8.33	3.9	3.22	104.6	1	14.05	10.74	1.74	9.31	5	13.3	10.8	0.1066	49.55	5.31	5.217	0.2302	1.7678	7.6779	NA	NA	illumina	East svalbard	Kvalvagen	Hydrocarbon rich site	8604624	577672	33	NA	NA	NA	NA	123	25460	122	0.186895811	0.764412811	2	4	2	0	33	8	34	1.03030303	0.465909091	-3.9333333	682	-0.298528683	-0.241569462	3.260585582	0.677568717	3.05	3.35
P1P1	08/07/2013	LSP20	8.2	2.72	2.95	65.8	0	NA	NA	NA	NA	0	0	0	NA	NA	7.27	NA	0.3542	6.4656	18.25206368	NA	NA	illumina	Trollkjeldene	Trollkjeldene	Hotspring_near	8813958	467951	33	NA	NA	NA	NA	129	50168	121	NA	NA	0	5	0	0	29	4	43	1.482758621	1.004807692	-3.5833333	424	-0.157726531	-0.382399256	2.991628805	0.630489272	3.05	3.85
P1P4	08/07/2013	LSP20	13.42	2.83	2.95	112	1	18.14	6.19	2.41	3.78	3	15.75	12.81	NA	NA	6.72	NA	0.1828	9.6379	52.71208051	NA	NA	illumina	Trollkjeldene	Trollkjeldene	Hotspring_near	8813958	467951	33	NA	NA	NA	NA	138	39127	134	0.637566138	0.34123484	7	0	0	1	46	0	28	0.608695652	0.020725389	-3.5833333	424	-0.318795477	-0.438633564	3.639867859	0.746609341	3.05	3.85
P2P3	08/07/2013	LSP20	18.64	1.5	1.7	47.5	0	NA	NA	NA	NA	3	12.28	17.97	NA	NA	6.76	NA	1.5467	25.6878	16.60769613	NA	NA	illumina	Trollkjeldene	Trollkjeldene	Hotspring_near	8813958	467951	33	NA	NA	NA	NA	93	23430	93	NA	NA	3	4	1	0	32	3	20	0.625	0.905511811	-3.5833333	424	-0.238665397	-0.40962018	3.066023051	0.676438114	3.05	3.85
P2P4	08/07/2013	LSP20	18.13	1.9	1.72	59.2	0	NA	NA	NA	NA	3	10.21	21	NA	NA	5.69	NA	0.6434	9.8238	15.26861237	NA	NA	illumina	Trollkjeldene	Trollkjeldene	Hotspring_near	8813958	467951	33	NA	NA	NA	NA	121	28233	118	NA	NA	1	10	1	0	33	2	43	1.303030303	0.454545455	-3.5833333	424	-0.159583518	-0.258565992	3.594738968	0.75086061	3.05	3.85
P2P5	08/07/2013	LSP20	13.59	2.5	2.6	88.3	1	24.55	8.27	0	8.27	4	9.21	18.49	NA	NA	7.46	NA	1.1537	24.312	21.07318825	NA	NA	illumina	Trollkjeldene	Trollkjeldene	Hotspring_near	8813958	467951	33	NA	NA	NA	NA	131	47198	120	0	0.336863544	0	4	1	0	42	8	19	0.452380952	0.956937799	-3.5833333	424	-0.259638337	-0.366150211	3.242623905	0.673836176	3.05	3.85
RB1	06/08/2012	LSP20	18.32	3.47	2.3	146.2	2	42	24.49	9.93	15.15	3	21.59	10.51	NA	71.22	7.71	0.899	0.01	4.6725	467.2526	NA	NA	illumina	Josephbukta	Renardbreen	Inner part of Glacier foreland	8607464	486920	33	NA	NA	NA	NA	247	102715	221	0.655445545	0.583095238	7	9	8	4	55	6	67	1.218181818	0.817460317	-2.875	721	-0.146614784	-0.231427916	3.353831496	0.622339368	4.55	4.45
RB2	06/08/2012	LSP20	21.3	5.01	2.55	272.1	1	46.39	27.08	13.99	13.71	9	46.49	10.66	NA	98.31	7.76	1.047	0.01	4.472	447.2012	NA	NA	illumina	Josephbukta	Renardbreen	Inner part of Glacier foreland	8607464	486920	33	NA	NA	NA	NA	117	24620	116	1.020423049	0.583746497	2	3	3	0	35	5	38	1.085714286	3.280701754	-2.875	721	-0.359156226	-0.249396251	2.851902703	0.598865716	4.55	4.45
RB3	06/08/2012	LSP20	18.96	5.86	2.37	263.3	1	43.57	17.74	8.12	13.95	5	19.5	10.75	NA	101.79	7.54	1.131	0.1082	4.8756	45.0422	NA	NA	illumina	Josephbukta	Renardbreen	Inner part of Glacier foreland	8607464	486920	33	NA	NA	NA	NA	131	33605	130	0.582078853	0.407160891	2	5	0	0	40	10	31	0.775	0.489690722	-2.875	721	-0.330873302	-0.2769136	2.881080149	0.592837729	4.55	4.45
RB4	06/08/2012	LSP20	17.28	4.51	1.19	92.7	2	56.07	26.1	4.61	22.46	5	28.2	15.36	NA	76.18	7.32	1.207	0.01	4.9325	493.2461	NA	NA	illumina	Josephbukta	Renardbreen	Inner part of Glacier foreland	8607464	486920	33	NA	NA	NA	NA	135	105238	115	0.205253785	0.465489567	1	5	1	0	34	4	44	1.294117647	1.125874126	-2.875	721	-0.232199161	-0.394207427	2.418280415	0.506009192	4.55	4.45
RB5	06/08/2012	LSP20	19.39	4.58	2.05	182.1	1	37.64	17.43	7.36	9.72	5	20.66	9.27	NA	55.27	7.74	0.985	0.0336	4.4028	131.2068	NA	NA	illumina	Josephbukta	Renardbreen	Inner part of Glacier foreland	8607464	486920	33	NA	NA	NA	NA	137	36408	131	0.757201646	0.463071201	0	5	0	0	50	8	39	0.78	0.833333333	-2.875	721	-0.351096316	-0.385993296	3.648095025	0.74259135	4.55	4.45
RH1	07/07/2013	LSP20	8.86	2.35	2.33	48.5	2	14.92	7.08	0	7.08	7	10.36	16.49	NA	NA	6.7	0.975	0.01	0.629	62.9047	NA	NA	illumina	Wijdefjorden	Ringhorndalen	Arctic steppe / alkaline site	8607464	523978	33	NA	NA	NA	NA	222	93232	199	0	0.474530831	2	8	0	0	52	13	62	1.192307692	1.086956522	-4.3333333	345	-0.11745459	-0.221120484	3.015383172	0.56752612	2.45	3.45
RH10	07/07/2013	LSP20	15.61	1.95	2.22	67.6	0	NA	NA	NA	NA	1	6.47	11.43	NA	NA	6.11	4.302	0.2448	2.0253	8.2715	NA	NA	illumina	Wijdefjorden	Ringhorndalen	Arctic steppe / alkaline site	8807304	523978	33	NA	NA	NA	NA	146	27344	143	NA	NA	0	2	0	0	25	6	66	2.64	0.328244275	-4.3333333	345	-0.160201166	-0.315090877	3.715191531	0.747551529	2.45	3.45
RH2	07/07/2013	LSP20	11.22	1.71	3.25	62.4	1	18.13	7.48	0.96	6.52	4	12.57	17.95	NA	NA	6.18	1.187	0.0537	0.7708	14.3638	NA	NA	illumina	Wijdefjorden	Ringhorndalen	Arctic steppe / alkaline site	8807304	523978	33	NA	NA	NA	NA	201	99469	175	0.147239264	0.412575841	0	6	5	0	53	7	43	0.811320755	3.057142857	-4.3333333	345	-0.220479979	-0.234874155	2.842679599	0.552245294	2.45	3.45
RH3	07/07/2013	LSP20	15.86	3.66	3	174.1	2	35.84	13.95	4.84	9.11	7	19.34	18.04	NA	NA	6.99	1.815	0.1524	1.082	7.1003	NA	NA	illumina	Wijdefjorden	Ringhorndalen	Arctic steppe / alkaline site	8807304	523978	33	NA	NA	NA	NA	202	116354	177	0.531284303	0.389229911	2	7	3	0	55	10	51	0.927272727	0.836065574	-4.3333333	345	-0.179060593	-0.26326211	3.408180025	0.657723348	2.45	3.45
RH4	07/07/2013	LSP20	10.36	3.02	3.28	102.6	1	25.82	10.68	2.44	8.24	6	15.45	20.77	NA	NA	6.45	1.649	0.1224	1.0621	8.6802	NA	NA	illumina	Wijdefjorden	Ringhorndalen	Arctic steppe / alkaline site	8807304	523978	33	NA	NA	NA	NA	157	50880	148	0.296116505	0.413632843	2	3	1	0	34	7	41	1.205882353	1.68	-4.3333333	345	-0.231880102	-0.273916106	2.930141755	0.58478448	2.45	3.45
RH5	07/07/2013	LSP20	17.07	2.57	3.2	140.4	2	21.88	9.71	1.01	8.7	9	14.71	11.99	NA	NA	6.63	2.047	0.0635	1.1448	18.0394	NA	NA	illumina	Wijdefjorden	Ringhorndalen	Arctic steppe / alkaline site	8807304	523978	33	NA	NA	NA	NA	152	59459	142	0.116091954	0.443784278	0	2	4	0	32	1	45	1.40625	2.317073171	-4.3333333	345	-0.196978968	-0.216950872	3.44881692	0.696905285	2.45	3.45
RH6	07/07/2013	LSP20	8.21	2.38	2.17	42.4	1	26.55	10.96	0	10.96	4	13.77	12.36	NA	NA	6.22	3.968	0.1046	2.1361	20.4155	NA	NA	illumina	Wijdefjorden	Ringhorndalen	Arctic steppe / alkaline site	8807304	523978	33	NA	NA	NA	NA	260	115284	233	0	0.412806026	3	12	1	0	61	7	79	1.295081967	1.134146341	-4.3333333	345	-0.154727782	-0.287440862	3.938561072	0.722534083	2.45	3.45
RH7	07/07/2013	LSP20	18.27	2.65	3.24	156.9	1	35.26	10.86	0	10.86	5	14.58	19.08	NA	NA	6	5.996	0.1364	2.7352	20.059	NA	NA	illumina	Wijdefjorden	Ringhorndalen	Arctic steppe / alkaline site	8807304	523978	33	NA	NA	NA	NA	337	94640	301	0	0.307997731	3	10	9	0	57	24	95	1.666666667	0.368421053	-4.3333333	345	-0.09050572	-0.202386536	4.553046668	0.795943796	2.45	3.45
RH8	07/07/2013	LSP20	14.53	2.07	2.86	86	0	NA	NA	NA	NA	3	8.97	15.95	NA	NA	5.7	6.694	0.2173	4.0719	18.7383	NA	NA	illumina	Wijdefjorden	Ringhorndalen	Arctic steppe / alkaline site	8807304	523978	33	NA	NA	NA	NA	246	101753	219	NA	NA	0	13	3	0	35	8	89	2.542857143	0.692307692	-4.3333333	345	-0.220790957	-0.205408033	3.820736844	0.708379808	2.45	3.45
RH9	07/07/2013	LSP20	15.17	1.52	2.48	57.2	1	22.78	9.63	0	9.63	4	9.65	15.36	NA	NA	6.3	4.911	0.4112	3.3906	8.2459	NA	NA	illumina	Wijdefjorden	Ringhorndalen	Arctic steppe / alkaline site	8807304	523978	33	NA	NA	NA	NA	145	31514	144	0	0.422739245	3	2	1	3	23	3	65	2.826086957	0.441558442	-4.3333333	345	-0.180657225	-0.361270774	3.646291906	0.734718126	2.45	3.45